5.233989953994750977e-01
6.162357926368713379e-01
6.231296062469482422e-01
6.441080570220947266e-01
6.380968689918518066e-01
6.598393321037292480e-01
6.665373444557189941e-01
6.590625643730163574e-01
6.690344810485839844e-01
6.790053844451904297e-01
6.802744269371032715e-01
6.900576949119567871e-01
6.956929564476013184e-01
7.005960941314697266e-01
7.088093757629394531e-01
6.980047821998596191e-01
6.818746924400329590e-01
6.913889646530151367e-01
6.944828033447265625e-01
6.902613043785095215e-01
7.009645104408264160e-01
7.023721337318420410e-01
7.133356332778930664e-01
7.313738465309143066e-01
7.381002306938171387e-01
7.408079504966735840e-01
7.366140484809875488e-01
7.512868642807006836e-01
7.574170827865600586e-01
7.619367241859436035e-01
7.659081816673278809e-01
7.755979299545288086e-01
7.108513116836547852e-01
7.160672545433044434e-01
7.188843488693237305e-01
7.279455661773681641e-01
7.315424084663391113e-01
7.272906899452209473e-01
7.500143051147460938e-01
7.576069235801696777e-01
7.639152407646179199e-01
7.734432220458984375e-01
7.775998711585998535e-01
7.843313813209533691e-01
7.855726480484008789e-01
7.906672954559326172e-01
7.971967458724975586e-01
7.985956668853759766e-01
7.147514820098876953e-01
7.298073172569274902e-01
7.423759698867797852e-01
7.464346289634704590e-01
7.485412955284118652e-01
7.624380588531494141e-01
7.760028243064880371e-01
7.817466855049133301e-01
7.746469378471374512e-01
7.860173583030700684e-01
7.932556271553039551e-01
7.419916391372680664e-01
7.548232674598693848e-01
7.595500946044921875e-01
7.654100060462951660e-01
7.777580022811889648e-01
7.749858498573303223e-01
7.866343855857849121e-01
7.961705923080444336e-01
8.099570870399475098e-01
7.483802437782287598e-01
7.572175860404968262e-01
7.574504613876342773e-01
7.726476788520812988e-01
7.898711562156677246e-01
7.944144606590270996e-01
7.998453378677368164e-01
8.121303319931030273e-01
8.157125711441040039e-01
7.465832233428955078e-01
7.527039051055908203e-01
7.692846059799194336e-01
7.862155437469482422e-01
7.926318645477294922e-01
7.911824584007263184e-01
7.966603636741638184e-01
8.084967136383056641e-01
8.191436529159545898e-01
7.568504214286804199e-01
7.665867209434509277e-01
7.834963202476501465e-01
7.927646636962890625e-01
7.962167859077453613e-01
8.078224658966064453e-01
8.184983730316162109e-01
8.235843181610107422e-01
8.288603425025939941e-01
8.330603241920471191e-01
8.414321541786193848e-01
7.472283840179443359e-01
7.515577673912048340e-01
7.805683016777038574e-01
7.945856451988220215e-01
7.969579100608825684e-01
8.100385665893554688e-01
8.225474953651428223e-01
8.274164795875549316e-01
8.352406024932861328e-01
8.334484696388244629e-01
8.382385373115539551e-01
7.403637170791625977e-01
7.572145462036132812e-01
7.778465747833251953e-01
7.911500334739685059e-01
8.041703701019287109e-01
8.015283346176147461e-01
8.155373930931091309e-01
8.224217891693115234e-01
8.321436047554016113e-01
8.395297527313232422e-01
8.452355861663818359e-01
8.498979806900024414e-01
8.509008884429931641e-01
8.567028641700744629e-01
8.568002581596374512e-01
8.605887889862060547e-01
