5.233793854713439941e-01
6.200914382934570312e-01
6.260750293731689453e-01
6.413233280181884766e-01
6.532028913497924805e-01
6.529777646064758301e-01
6.483595371246337891e-01
6.689571142196655273e-01
6.676456332206726074e-01
6.816191673278808594e-01
6.877826452255249023e-01
6.806010007858276367e-01
6.845982074737548828e-01
6.988997459411621094e-01
7.004891037940979004e-01
7.103409767150878906e-01
6.847274899482727051e-01
6.981248855590820312e-01
6.936127543449401855e-01
7.010412812232971191e-01
6.938788294792175293e-01
7.154552340507507324e-01
7.145306468009948730e-01
7.223274111747741699e-01
7.174534797668457031e-01
7.240793108940124512e-01
7.409289479255676270e-01
7.524955868721008301e-01
7.476685643196105957e-01
7.485247254371643066e-01
7.573043704032897949e-01
7.706987857818603516e-01
7.134892940521240234e-01
7.004716992378234863e-01
7.089507579803466797e-01
7.258334159851074219e-01
7.405848503112792969e-01
7.514660358428955078e-01
7.521408200263977051e-01
7.567914724349975586e-01
7.698578238487243652e-01
7.779746055603027344e-01
7.939963340759277344e-01
7.153244614601135254e-01
7.174993157386779785e-01
7.254412770271301270e-01
7.415043115615844727e-01
7.619570493698120117e-01
7.650513052940368652e-01
7.594013810157775879e-01
7.802290320396423340e-01
7.992469668388366699e-01
8.008372783660888672e-01
8.107092380523681641e-01
8.250292539596557617e-01
8.346656560897827148e-01
7.316896319389343262e-01
7.472350001335144043e-01
7.676225304603576660e-01
7.864500880241394043e-01
7.977803945541381836e-01
8.092973232269287109e-01
8.172776103019714355e-01
8.258532881736755371e-01
8.335485458374023438e-01
8.428544998168945312e-01
8.506142497062683105e-01
8.620262742042541504e-01
8.660134077072143555e-01
7.351297736167907715e-01
7.556329965591430664e-01
7.713271975517272949e-01
7.703940272331237793e-01
7.634941935539245605e-01
7.943927049636840820e-01
8.157007098197937012e-01
8.310586810111999512e-01
8.413721323013305664e-01
8.569641113281250000e-01
7.355688214302062988e-01
7.583338618278503418e-01
7.784017324447631836e-01
7.932289838790893555e-01
8.067292571067810059e-01
8.199513554573059082e-01
8.355161547660827637e-01
8.495270609855651855e-01
8.580441474914550781e-01
8.641805052757263184e-01
7.545390725135803223e-01
7.725243568420410156e-01
7.892811894416809082e-01
8.019510507583618164e-01
8.216600418090820312e-01
8.356979489326477051e-01
8.510829806327819824e-01
8.559602499008178711e-01
8.658697605133056641e-01
8.788345456123352051e-01
8.842353224754333496e-01
7.554458379745483398e-01
7.575205564498901367e-01
7.839941978454589844e-01
8.110952377319335938e-01
8.365027904510498047e-01
8.471477627754211426e-01
8.536601066589355469e-01
8.606293797492980957e-01
8.715658187866210938e-01
8.796533942222595215e-01
8.881025910377502441e-01
7.658551335334777832e-01
7.921984195709228516e-01
8.147931694984436035e-01
8.318569064140319824e-01
8.482175469398498535e-01
8.545365333557128906e-01
8.698716759681701660e-01
8.799428939819335938e-01
8.846976161003112793e-01
8.903058767318725586e-01
8.954000473022460938e-01
8.955463767051696777e-01
8.929213881492614746e-01
8.930673003196716309e-01
