3.041014969348907471e-01
3.099529445171356201e-01
3.129263818264007568e-01
3.235814571380615234e-01
3.514932394027709961e-01
3.598320186138153076e-01
3.701279461383819580e-01
3.867151439189910889e-01
4.115779101848602295e-01
4.324288070201873779e-01
4.593009948730468750e-01
4.510514140129089355e-01
4.802897274494171143e-01
4.594653844833374023e-01
4.892927110195159912e-01
4.772170782089233398e-01
4.985468983650207520e-01
4.847750365734100342e-01
5.286731123924255371e-01
5.190038084983825684e-01
5.018302202224731445e-01
5.164115428924560547e-01
5.235679149627685547e-01
5.491561889648437500e-01
5.510559082031250000e-01
5.326430797576904297e-01
5.532845854759216309e-01
5.303201079368591309e-01
5.405143499374389648e-01
5.547890067100524902e-01
5.653476715087890625e-01
5.224411487579345703e-01
5.770509243011474609e-01
5.616548061370849609e-01
5.635160803794860840e-01
5.640315413475036621e-01
5.653376579284667969e-01
5.798563361167907715e-01
5.821093916893005371e-01
5.839108824729919434e-01
5.806629657745361328e-01
5.810052752494812012e-01
5.773234963417053223e-01
5.689421296119689941e-01
5.703275203704833984e-01
5.837316513061523438e-01
5.834211707115173340e-01
6.011962294578552246e-01
5.997099876403808594e-01
5.886009931564331055e-01
6.078552603721618652e-01
6.023649573326110840e-01
6.148299574851989746e-01
5.926352143287658691e-01
6.132748723030090332e-01
6.129909157752990723e-01
6.164540648460388184e-01
6.337353587150573730e-01
5.902197957038879395e-01
6.127054691314697266e-01
6.287133693695068359e-01
6.281450390815734863e-01
6.363977789878845215e-01
6.076025366783142090e-01
6.275357604026794434e-01
6.258063912391662598e-01
6.284657716751098633e-01
6.331643462181091309e-01
6.458610892295837402e-01
6.345299482345581055e-01
6.380487084388732910e-01
6.481346487998962402e-01
6.564414501190185547e-01
6.583948135375976562e-01
6.311072707176208496e-01
6.477058529853820801e-01
6.577128767967224121e-01
6.610330939292907715e-01
6.558804512023925781e-01
6.632237434387207031e-01
6.654763817787170410e-01
6.323602199554443359e-01
6.520950198173522949e-01
6.601749658584594727e-01
6.373132467269897461e-01
6.312357187271118164e-01
6.395773887634277344e-01
6.580256819725036621e-01
6.715219020843505859e-01
6.791648268699645996e-01
6.836133003234863281e-01
6.887702345848083496e-01
6.586224436759948730e-01
6.703793406486511230e-01
6.799767017364501953e-01
6.729168891906738281e-01
6.662706732749938965e-01
6.759297847747802734e-01
6.920990347862243652e-01
6.893924474716186523e-01
7.094371914863586426e-01
7.092645764350891113e-01
7.193533182144165039e-01
7.188474535942077637e-01
7.342347502708435059e-01
7.274875640869140625e-01
7.349309921264648438e-01
7.356711030006408691e-01
6.756162047386169434e-01
6.953505873680114746e-01
7.097529768943786621e-01
7.084496021270751953e-01
7.200823426246643066e-01
7.243710160255432129e-01
7.395175695419311523e-01
7.412576675415039062e-01
7.545240521430969238e-01
7.575069665908813477e-01
7.582855224609375000e-01
7.588192224502563477e-01
7.736029028892517090e-01
7.811397314071655273e-01
7.935348749160766602e-01
8.118236064910888672e-01
6.819707155227661133e-01
6.666144728660583496e-01
6.972636580467224121e-01
7.143809795379638672e-01
7.182340621948242188e-01
7.421759963035583496e-01
7.560230493545532227e-01
7.625141143798828125e-01
7.728087902069091797e-01
7.538788318634033203e-01
7.603195309638977051e-01
7.948627471923828125e-01
8.042959570884704590e-01
8.178058266639709473e-01
