3.319492638111114502e-01
4.692786633968353271e-01
4.965620934963226318e-01
5.065076351165771484e-01
5.144456624984741211e-01
5.196747183799743652e-01
5.266168117523193359e-01
5.354821085929870605e-01
5.379006862640380859e-01
5.409864187240600586e-01
5.486385822296142578e-01
5.551232099533081055e-01
5.581317543983459473e-01
5.671592354774475098e-01
5.616241693496704102e-01
5.717384219169616699e-01
5.672717690467834473e-01
5.801063179969787598e-01
5.848359465599060059e-01
5.857907533645629883e-01
5.772064924240112305e-01
5.845175385475158691e-01
5.793012976646423340e-01
5.866182446479797363e-01
5.879832506179809570e-01
5.854555964469909668e-01
5.881021618843078613e-01
5.902740359306335449e-01
5.993834733963012695e-01
5.933165550231933594e-01
5.975118875503540039e-01
5.998232960700988770e-01
6.055893898010253906e-01
6.082527041435241699e-01
6.091407537460327148e-01
6.166099309921264648e-01
6.184706091880798340e-01
6.226578354835510254e-01
6.218647360801696777e-01
6.303401589393615723e-01
6.221480369567871094e-01
6.328258514404296875e-01
6.353617906570434570e-01
6.304237246513366699e-01
6.407344937324523926e-01
6.411036252975463867e-01
6.375746130943298340e-01
6.501744985580444336e-01
6.553090810775756836e-01
6.469433307647705078e-01
6.562820672988891602e-01
6.555430293083190918e-01
6.439945697784423828e-01
6.447849869728088379e-01
6.524453163146972656e-01
6.519935727119445801e-01
6.586380600929260254e-01
6.495136618614196777e-01
6.612142920494079590e-01
6.547635793685913086e-01
6.657391190528869629e-01
6.641801595687866211e-01
6.679855585098266602e-01
6.707592010498046875e-01
6.757210493087768555e-01
6.760653853416442871e-01
6.745237708091735840e-01
6.697735190391540527e-01
6.808693408966064453e-01
6.801191568374633789e-01
6.904495358467102051e-01
6.849338412284851074e-01
6.887207627296447754e-01
6.851057410240173340e-01
6.874891519546508789e-01
6.943706870079040527e-01
6.948907971382141113e-01
6.951168775558471680e-01
6.782951354980468750e-01
6.814009547233581543e-01
6.845797300338745117e-01
6.906805634498596191e-01
6.855034232139587402e-01
6.891812682151794434e-01
6.922473311424255371e-01
6.998738646507263184e-01
7.026606202125549316e-01
7.036982178688049316e-01
7.028933763504028320e-01
7.055358290672302246e-01
6.988883614540100098e-01
7.085999846458435059e-01
6.821937561035156250e-01
6.917853355407714844e-01
6.873103380203247070e-01
6.959248781204223633e-01
6.817258596420288086e-01
6.910566091537475586e-01
7.012460827827453613e-01
7.039298415184020996e-01
7.087643742561340332e-01
7.058286070823669434e-01
7.130588889122009277e-01
7.115162014961242676e-01
7.193525433540344238e-01
6.892600059509277344e-01
6.892012357711791992e-01
7.015207409858703613e-01
7.032728195190429688e-01
7.052536606788635254e-01
7.045524120330810547e-01
6.988097429275512695e-01
7.102396488189697266e-01
7.048913836479187012e-01
6.906850934028625488e-01
6.977626681327819824e-01
7.029122710227966309e-01
7.125956416130065918e-01
7.184097170829772949e-01
7.170739173889160156e-01
7.198275923728942871e-01
7.214047908782958984e-01
7.293484807014465332e-01
7.315256595611572266e-01
7.249653935432434082e-01
