2.987938523292541504e-01
4.468685984611511230e-01
4.825008511543273926e-01
5.032314062118530273e-01
5.122448801994323730e-01
5.166195631027221680e-01
5.228862762451171875e-01
5.336964726448059082e-01
5.500156879425048828e-01
5.524091720581054688e-01
5.579484105110168457e-01
5.635831356048583984e-01
5.741972923278808594e-01
5.663962364196777344e-01
5.782546997070312500e-01
5.837076902389526367e-01
5.855215787887573242e-01
5.793655514717102051e-01
5.904454588890075684e-01
5.921889543533325195e-01
6.044327616691589355e-01
5.976795554161071777e-01
6.074857711791992188e-01
6.095848679542541504e-01
6.083365082740783691e-01
6.190736889839172363e-01
6.185610890388488770e-01
6.179660558700561523e-01
6.201174259185791016e-01
6.260528564453125000e-01
6.222026944160461426e-01
6.245935559272766113e-01
6.227408647537231445e-01
6.248629093170166016e-01
6.338507533073425293e-01
6.317138075828552246e-01
6.382812261581420898e-01
6.406372189521789551e-01
6.420828104019165039e-01
6.401094198226928711e-01
6.460434198379516602e-01
6.495897769927978516e-01
6.562781929969787598e-01
6.538192629814147949e-01
6.540993452072143555e-01
6.577408313751220703e-01
6.612854003906250000e-01
6.576207280158996582e-01
6.636950373649597168e-01
6.702100038528442383e-01
6.662291884422302246e-01
6.725798249244689941e-01
6.697319149971008301e-01
6.658317446708679199e-01
6.717601418495178223e-01
6.814222335815429688e-01
6.750583648681640625e-01
6.686577796936035156e-01
6.711910963058471680e-01
6.730135083198547363e-01
6.718172430992126465e-01
6.738845109939575195e-01
6.732810139656066895e-01
6.714774966239929199e-01
6.891564726829528809e-01
6.748306751251220703e-01
6.792602539062500000e-01
6.766039729118347168e-01
6.819093227386474609e-01
6.886421442031860352e-01
6.891659498214721680e-01
6.728634238243103027e-01
6.791987419128417969e-01
6.733949184417724609e-01
6.922873854637145996e-01
6.897841095924377441e-01
6.923604607582092285e-01
6.903102397918701172e-01
6.884420514106750488e-01
6.995092630386352539e-01
6.787940859794616699e-01
6.845856904983520508e-01
6.880523562431335449e-01
6.944891214370727539e-01
6.973133087158203125e-01
6.953152418136596680e-01
6.931065320968627930e-01
6.978027224540710449e-01
7.010765671730041504e-01
6.800705194473266602e-01
6.785986423492431641e-01
6.895150542259216309e-01
6.941106319427490234e-01
6.895201802253723145e-01
6.948978900909423828e-01
6.974307298660278320e-01
6.982061862945556641e-01
7.028441429138183594e-01
6.889471411705017090e-01
6.930770277976989746e-01
6.998974680900573730e-01
7.020394802093505859e-01
7.063338756561279297e-01
7.021555304527282715e-01
7.048909664154052734e-01
7.063956260681152344e-01
7.082929015159606934e-01
7.168310284614562988e-01
7.196142077445983887e-01
7.220123410224914551e-01
7.270126938819885254e-01
7.293385267257690430e-01
7.239016890525817871e-01
6.942626237869262695e-01
6.986063122749328613e-01
7.077516317367553711e-01
7.076390385627746582e-01
7.079384326934814453e-01
7.135784029960632324e-01
7.080554962158203125e-01
7.202658653259277344e-01
7.170463204383850098e-01
