net_filters	net_lr	net_drop	prop_elastic	val_iou	val_accuracy	val_TP	val_TN	val_FP	val_FN
32.0	1e-06	0.5	0.2	0.22850071	0.6790741	0.087040454	0.67907333	0.1702896	0.32092667
64.0	0.0004832930238571752	0.5	0.0	0.320926670.67907333	0.320926670.67907333	0.67907333	0.32092667
64.0	0.0003359818286283781	0.5	0.0	0.00014764651	0.67907333	0	0.67907333	0	0.32092667
32.0	2.6366508987303556e-05	0.3	0.0	0.67487323	0.88566816	0.25569126	0.67907333	0.067346446	0.32092667
16.0	2.06913808111479e-06	0.39999999999999997	0.2	0.64219785	0.87051594	0.2672877	0.67907333	0.15613708	0.32092667
64.0	1e-06	0.6	0.2	0.6284906	0.8665049	0.24573746	0.67907333	0.087084964	0.32092667
16.0	0.00023357214690901214	0.39999999999999997	0.1	0.007867032	0.68068516	0.0016118367	0.67907333	0	0.32092667
64.0	8.858667904100832e-06	0.39999999999999997	0.0	0.6723683	0.8856018	0.2577937	0.67907333	0.12200928	0.32092667
16.0	2.6366508987303556e-05	0.5	0.0	0.66007537	0.8810473	0.25401968	0.67907333	0.1163325	0.32092667
16.0	1.438449888287663e-06	0.39999999999999997	0.1	0.23976952	0.67907333	0.28922272	0.67907333	0.6256574	0.32092667
32.0	0.001	0.5	0.0	0.000111744695	0.67907333	0	0.67907333	0	0.32092667
16.0	8.858667904100832e-06	0.3	0.2	0.28721982	0.7625931	0.09452133	0.67907333	0.082276665	0.32092667
32.0	1e-06	0.5	0.2	0.24767886	0.67907333	0.32070032	0.67907333	0.6787768	0.32092667
64.0	5.4555947811685143e-05	0.3	0.1	0.68473256	0.8852646	0.29223582	0.67907333	0.16782913	0.32092667
32.0	0.001	0.3	0.0	0.320926670.67907333	0.320926670.67907333	0.67907333	0.32092667
64.0	5.4555947811685143e-05	0.5	0.0	0.6748284	0.88137156	0.2768158	0.67907333	0.25892055	0.32092667
32.0	6.158482110660267e-06	0.5	0.1	0.67388844	0.88449913	0.26984176	0.67907333	0.10084788	0.32092667
16.0	2.6366508987303556e-05	0.3	0.0	0.67704904	0.8854533	0.25545856	0.67907333	0.063311	0.32092667
64.0	0.0006951927961775605	0.5	0.0	0.23255321	0.67907333	0.16044998	0.67907333	0.33955002	0.32092667
64.0	2.6366508987303556e-05	0.5	0.0	0.676213	0.884773	0.2660759	0.67907333	0.10491638	0.32092667
64.0	2.976351441631319e-06	0.39999999999999997	0.1	0.6644676	0.8808192	0.26926142	0.67907333	0.28136852	0.32092667
32.0	5.4555947811685143e-05	0.39999999999999997	0.2	0.69013214	0.88772327	0.27622578	0.67907333	0.09085795	0.32092667
32.0	4.281332398719396e-06	0.5	0.1	0.6786085	0.88370997	0.29156443	0.67907333	0.221654	0.32092413
32.0	2.976351441631319e-06	0.6	0.1	0.6693276	0.8800344	0.29512176	0.67907333	0.3500735	0.32092667
64.0	3.792690190732254e-05	0.5	0.2	0.68299115	0.88531214	0.28568727	0.67907333	0.16231436	0.32092667
16.0	1.274274985703132e-05	0.5	0.0	0.0200067	0.67907333	0.00073140464	0.67907333	0.0015922546	0.32092667
64.0	0.0001623776739188721	0.5	0.1	0.320926670.75534517	0.320926670.67907333	0.67907333	0.32092667
16.0	6.158482110660267e-06	0.3	0.1	0.33130494	0.7681829	0.114059955	0.67906266	0.02872162	0.32092363
16.0	7.847599703514606e-05	0.3	0.1	0.6904266	0.8903544	0.2852628	0.67907333	0.13602625	0.32092667
32.0	5.4555947811685143e-05	0.39999999999999997	0.0	0.6718251	0.8819634	0.27742106	0.67907333	0.12730026	0.32092667
16.0	3.792690190732254e-05	0.5	0.1	0.6824671	0.8882271	0.28296077	0.67907333	0.124080405	0.32092667
32.0	0.0001623776739188721	0.39999999999999997	0.1	0.6879113	0.8891385	0.27335206	0.6790728	0.08477936	0.32080156
32.0	1e-06	0.3	0.1	0.24440567	0.6790741	0.30852917	0.67907333	0.65780663	0.32092667
32.0	2.06913808111479e-06	0.6	0.0	0.64970994	0.8751516	0.25190735	0.67905885	0.08192012	0.32091394
32.0	3.792690190732254e-05	0.39999999999999997	0.1	0.6879969	0.88903755	0.27300414	0.67907333	0.10094401	0.32092667
64.0	0.0003359818286283781	0.39999999999999997	0.1	0.018792678	0.6841413	0.005068715	0.67907333	7.6293946e-07	0.32092667
64.0	0.00023357214690901214	0.6	0.2	0.320926670.68535817	0.320926670.67907333	0.67907333	0.32092667
16.0	1.8329807108324375e-05	0.5	0.1	0.007901632	0.67907333	0	0.67907333	5.0862633e-07	0.32092667
16.0	2.976351441631319e-06	0.6	0.2	0.26514986	0.67906827	0.32091445	0.67906266	0.6790601	0.32092208
16.0	2.976351441631319e-06	0.5	0.1	0.22533695	0.67907333	0.07685521	0.67907333	0.15924403	0.32092667
16.0	6.158482110660267e-06	0.3	0.1	0.22708179	0.67907333	0.108236186	0.67907333	0.24172974	0.32092667
16.0	3.792690190732254e-05	0.39999999999999997	0.1	0.68238807	0.8864937	0.27645797	0.679069	0.11928634	0.32092437
64.0	0.0003359818286283781	0.6	0.2	0.320926670.7222402	0.320926670.67907333	0.67907333	0.32092667
64.0	1.274274985703132e-05	0.39999999999999997	0.2	0.6695422	0.8846781	0.24463272	0.67906165	0.054764304	0.32092312
16.0	3.792690190732254e-05	0.5	0.2	0.6750485	0.88820547	0.25110906	0.67907333	0.046636455	0.32092667
32.0	0.0003359818286283781	0.3	0.0	0.320926670.68070143	0.320926670.67907333	0.67907333	0.32092667
64.0	1.274274985703132e-05	0.5	0.0	0.6804696	0.8877202	0.26269963	0.67907333	0.06410039	0.32092667
64.0	3.792690190732254e-05	0.3	0.2	0.6790983	0.8858599	0.24653143	0.67907333	0.064235434	0.32092667
16.0	1.274274985703132e-05	0.6	0.1	0.19448967	0.67907333	0.022516886	0.67907333	0.04729996	0.32092667
16.0	1e-06	0.3	0.0	0.2325153	0.67907387	0.15974934	0.67907333	0.34446335	0.32092667
16.0	2.06913808111479e-06	0.5	0.2	0.2122615	0.67935586	0.03109614	0.67907333	0.05727132	0.32092667
32.0	5.4555947811685143e-05	0.39999999999999997	0.1	0.6773712	0.8847514	0.2510671	0.67907333	0.06306585	0.32092667
32.0	2.06913808111479e-06	0.5	0.2	0.6603119	0.8757365	0.29117787	0.679052	0.36754507	0.32091168
64.0	4.281332398719396e-06	0.39999999999999997	0.0	0.6801142	0.88775027	0.30136743	0.67907333	0.21602707	0.32092667
16.0	0.0001623776739188721	0.5	0.0	0.6845873	0.889476	0.2525462	0.67907333	0.06621424	0.32092667
64.0	0.0001623776739188721	0.39999999999999997	0.0	0.320926670.7007566	0.320926670.67907333	0.67907333	0.32092667
16.0	0.001	0.6	0.0	4.5149596e-07	0.67907333	0	0.67907333	0	0.32092667
64.0	3.792690190732254e-05	0.5	0.2	0.6811218	0.88732654	0.26995113	0.67907333	0.08152339	0.32092667
64.0	1.274274985703132e-05	0.3	0.2	0.68682086	0.88724416	0.26222432	0.6790731	0.064127855	0.32092616
64.0	1.8329807108324375e-05	0.39999999999999997	0.2	0.6633269	0.88103104	0.24630737	0.67907333	0.047284443	0.32092667
32.0	7.847599703514606e-05	0.39999999999999997	0.2	0.68502253	0.8888817	0.27698898	0.67907333	0.13953857	0.32092667
16.0	0.001	0.6	0.0	0.37006587	0.67907333	0.320926670.67907333	0.67907333	0.32092667
64.0	1.274274985703132e-05	0.3	0.1	0.6545833	0.8794703	0.2548795	0.67907333	0.0677503	0.32092667
16.0	0.0003359818286283781	0.5	0.0	0.68097323	0.88777083	0.27546388	0.67907333	0.19235331	0.32092667
64.0	0.0004832930238571752	0.39999999999999997	0.2	4.391028e-06	0.67907333	0	0.67907333	0	0.32092667
32.0	2.6366508987303556e-05	0.39999999999999997	0.1	0.68580544	0.88694227	0.2899025	0.67907333	0.1739502	0.32092667
16.0	1e-06	0.39999999999999997	0.1	0.24109875	0.67907333	0.28840256	0.67907333	0.61182046	0.32092667
64.0	1.8329807108324375e-05	0.3	0.0	0.675434	0.88268787	0.25908712	0.67907333	0.11539002	0.32092667
64.0	0.0004832930238571752	0.6	0.1	0.320926670.67907333	0.320926670.67907333	0.67907333	0.32092667
32.0	1e-06	0.3	0.1	0.55117816	0.8451408	0.3093806	0.67906314	0.66405946	0.32092285
32.0	2.6366508987303556e-05	0.5	0.0	0.6737985	0.8863805	0.25110653	0.67907333	0.064093016	0.32092667
32.0	0.00023357214690901214	0.6	0.1	0.6788434	0.8841988	0.320926670.67907333	0.67907333	0.32092667
32.0	1e-06	0.39999999999999997	0.1	0.25185353	0.67907333	0.32048467	0.67907333	0.6786463	0.32092667
16.0	0.0004832930238571752	0.39999999999999997	0.2	0.320926670.7043528	0.320926670.67907333	0.67907333	0.32092667
16.0	2.976351441631319e-06	0.5	0.2	0.21462077	0.6793986	0.0010520935	0.67907333	0.000726827	0.32092667
32.0	6.158482110660267e-06	0.5	0.2	0.6784546	0.88940454	0.26671574	0.679041	0.24471232	0.32083943
16.0	0.0003359818286283781	0.6	0.0	0.25242463	0.7571584	0.081162006	0.67907333	0.005391693	0.32092667
64.0	0.0003359818286283781	0.6	0.2	0.31216154	0.686894	0.27617672	0.67907333	0.5559677	0.32092667
32.0	6.158482110660267e-06	0.3	0.2	0.68513066	0.88843536	0.28192875	0.67907333	0.1951327	0.32092667
32.0	0.00023357214690901214	0.3	0.0	0.15356968	0.7258357	0.047322337	0.67907333	0.000911204	0.32092667
16.0	0.001	0.5	0.2	2.154383e-05	0.6790741	7.6293946e-07	0.67907333	0	0.32092667
32.0	1.438449888287663e-06	0.6	0.1	0.26721606	0.67907333	0.32042286	0.67907333	0.6779462	0.32092667
64.0	0.0004832930238571752	0.39999999999999997	0.1	0.00014957244	0.67907333	0	0.67907333	0	0.32092667
16.0	0.00023357214690901214	0.3	0.0	0.320926670.6837367	0.320926670.67907333	0.67907333	0.32092667
16.0	6.158482110660267e-06	0.5	0.1	0.18599081	0.67907333	0.0003903707	0.67907333	0.00086466473	0.32092667
64.0	8.858667904100832e-06	0.3	0.1	0.68019617	0.8880361	0.25012818	0.67907333	0.049877167	0.32092667
32.0	1e-06	0.5	0.2	0.41420743	0.8069018	0.13518219	0.67907333	0.007355499	0.32092667
32.0	1e-06	0.6	0.2	0.23228782	0.6790736	0.15429205	0.67907333	0.3244817	0.32092667
16.0	1.8329807108324375e-05	0.6	0.2	0.67263544	0.88110834	0.27085903	0.67907333	0.090660855	0.32092667
16.0	2.6366508987303556e-05	0.3	0.0	0.6927962	0.88966626	0.27425587	0.67904055	0.09638799	0.3209165
16.0	0.0001623776739188721	0.5	0.2	0.682561	0.88617986	0.28371507	0.67907333	0.16768494	0.32092667
16.0	7.847599703514606e-05	0.3	0.0	0.688995	0.8907906	0.26723683	0.67907333	0.07231547	0.32092667
16.0	0.0003359818286283781	0.3	0.1	0.32092687	0.70044583	0.32092464	0.67907333	0.67906547	0.32092667
32.0	1.274274985703132e-05	0.6	0.1	0.6842774	0.88588434	0.30360767	0.67907333	0.2869138	0.32092667
16.0	8.858667904100832e-06	0.5	0.0	0.23140286	0.6790736	0.14208755	0.67907333	0.29633254	0.32092667
16.0	2.06913808111479e-06	0.39999999999999997	0.2	0.2187523	0.67907333	0.0059140525	0.67907333	0.0062756855	0.32092667
32.0	0.00011288378916846884	0.6	0.2	0.6909151	0.8899526	0.320926670.67907333	0.67907333	0.32092667
16.0	0.0006951927961775605	0.5	0.1	0.009382902	0.6809382	0.0018648783	0.67907333	0	0.32092667
32.0	0.0006951927961775605	0.6	0.1	1.2718539e-06	0.67907333	0	0.67907333	0	0.32092667
32.0	0.0003359818286283781	0.6	0.1	0.320926670.67907333	0.320926670.67907333	0.67907333	0.32092667
64.0	6.158482110660267e-06	0.6	0.2	0.6859415	0.88691556	0.28329164	0.67907333	0.13866273	0.32092667
32.0	1e-06	0.39999999999999997	0.1	0.6301206	0.8676409	0.24551596	0.67907333	0.12239507	0.32092667
16.0	1.274274985703132e-05	0.39999999999999997	0.2	0.17062558	0.6790995	0.04713262	0.67907333	0.097798415	0.32092667
32.0	0.0003359818286283781	0.6	0.0	0.320926670.7160192	0.320926670.67907333	0.67907333	0.32092667
64.0	4.281332398719396e-06	0.5	0.2	0.682418	0.88688815	0.31024525	0.67907333	0.34202066	0.32092667
16.0	8.858667904100832e-06	0.5	0.2	0.6773123	0.88230413	0.30058315	0.67907333	0.25433603	0.32092667
64.0	0.0004832930238571752	0.3	0.2	1.2312763e-09	0.67907333	0	0.67907333	0	0.32092667
16.0	7.847599703514606e-05	0.39999999999999997	0.0	0.6839921	0.88395053	0.29453024	0.67907333	0.17948227	0.32092667
32.0	0.0001623776739188721	0.5	0.1	0.69631654	0.88994545	0.2676323	0.67907333	0.0782252	0.32092667
64.0	8.858667904100832e-06	0.3	0.0	0.68119305	0.8880501	0.2636322	0.67907333	0.10400569	0.32092667
32.0	0.0001623776739188721	0.5	0.0	0.320926670.6791359	0.320926670.67907333	0.67907333	0.32092667
16.0	3.792690190732254e-05	0.5	0.2	0.66753954	0.8857226	0.2516632	0.67907333	0.058153532	0.32092667
16.0	0.001	0.6	0.2	0.32092667	0.6808581	0.32092667	0.67907333	0.67907333	0.3191419
64.0	1.274274985703132e-05	0.3	0.1	0.6786483	0.88688606	0.27355957	0.67907333	0.100138344	0.32092667
32.0	1.438449888287663e-06	0.5	0.0	0.19499172	0.7183179	0.048029583	0.67907333	0.008784994	0.32092667
16.0	1e-06	0.5	0.2	0.22684477	0.67907387	0.02000529	0.67907333	0.026814524	0.32092667
16.0	1.438449888287663e-06	0.5	0.1	0.23598626	0.67907333	0.24237391	0.67907333	0.50215733	0.32092667
64.0	3.792690190732254e-05	0.39999999999999997	0.2	0.6789667	0.8837046	0.26226273	0.67907333	0.06976318	0.32092667
32.0	0.0003359818286283781	0.3	0.1	0.320926670.6795952	0.320926670.67907333	0.67907333	0.32092667
32.0	5.4555947811685143e-05	0.5	0.1	0.64583784	0.87776923	0.22558925	0.67907333	0.03860677	0.32092667
64.0	2.6366508987303556e-05	0.39999999999999997	0.2	0.68048996	0.8888664	0.27352956	0.67907333	0.08137766	0.32092667
64.0	0.0003359818286283781	0.3	0.2	0.320926670.67907333	0.320926670.67907333	0.67907333	0.32092667
32.0	1.438449888287663e-06	0.3	0.0	0.3900405	0.77658004	0.186837	0.6790621	0.24712549	0.32092056
32.0	7.847599703514606e-05	0.5	0.2	0.67732143	0.8860753	0.2524887	0.67907333	0.054225158	0.32092667
32.0	0.001	0.39999999999999997	0.1	0.001364627	0.6790741	3.306071e-06	0.67907333	1.19527185e-05	0.32092667
16.0	0.00023357214690901214	0.5	0.2	0.6890432	0.8908882	0.28230488	0.67907333	0.10947062	0.32092667
64.0	0.001	0.39999999999999997	0.1	1.165335e-05	0.67907387	2.2888185e-06	0.67907333	2.5431316e-06	0.32092667
64.0	8.858667904100832e-06	0.3	0.1	0.680101	0.886309	0.25517628	0.67907333	0.07078603	0.32092667
64.0	7.847599703514606e-05	0.39999999999999997	0.1	0.67393607	0.88482386	0.25676268	0.67907333	0.0622818	0.32092667
16.0	0.0004832930238571752	0.6	0.1	0.32124126	0.76219785	0.320926670.67907333	0.67907333	0.32092667
64.0	6.158482110660267e-06	0.39999999999999997	0.0	0.6785347	0.8872589	0.28179803	0.67907333	0.14402466	0.32092667
64.0	0.00023357214690901214	0.39999999999999997	0.2	0.320926670.67907333	0.320926670.67907333	0.67907333	0.32092667
16.0	1.274274985703132e-05	0.6	0.0	0.65028924	0.8799204	0.23440908	0.6790621	0.05104421	0.320916
64.0	2.6366508987303556e-05	0.39999999999999997	0.0	0.6784033	0.8869253	0.25083694	0.67907333	0.057362873	0.32092667
64.0	2.976351441631319e-06	0.3	0.2	0.68320084	0.88621956	0.28497085	0.67907333	0.19208044	0.32092667
16.0	0.0003359818286283781	0.5	0.2	0.320926670.7426786	0.320926670.67907333	0.67907333	0.32092667
64.0	0.00023357214690901214	0.6	0.0	0.320926670.6802946	0.320926670.67907333	0.67907333	0.32092667
32.0	7.847599703514606e-05	0.5	0.0	0.32092634	0.7722992	0.320926670.67907333	0.67907333	0.32092667
64.0	2.6366508987303556e-05	0.5	0.1	0.6799792	0.883919	0.27404454	0.67907333	0.12362264	0.32092667
16.0	0.00023357214690901214	0.6	0.1	0.32092664	0.6825849	0.320926670.67907333	0.67907333	0.32092667
16.0	1.274274985703132e-05	0.5	0.1	0.120132126	0.67907333	0.0007311503	0.67907333	0.0018414815	0.32092667
64.0	0.00023357214690901214	0.39999999999999997	0.1	0.320926670.6865463	0.320926670.67907333	0.67907333	0.32092667
16.0	7.847599703514606e-05	0.39999999999999997	0.2	0.68568677	0.8858887	0.28621954	0.67907256	0.12755203	0.32092464
64.0	0.0003359818286283781	0.3	0.2	0.320926670.67922187	0.320926670.67907333	0.67907333	0.32092667
64.0	0.00011288378916846884	0.6	0.1	0.320926670.7175845	0.320926670.67907333	0.67907333	0.32092667
16.0	3.792690190732254e-05	0.5	0.1	0.67765796	0.8875249	0.25726116	0.67906135	0.07525075	0.32092336
16.0	0.0004832930238571752	0.5	0.2	0.320926670.67907333	0.320926670.67907333	0.67907333	0.32092667
16.0	0.0004832930238571752	0.6	0.2	0.0011813919	0.67907333	0	0.67907333	0	0.32092667
16.0	2.06913808111479e-06	0.39999999999999997	0.2	0.2330303	0.67907333	0.17590052	0.67907333	0.38125584	0.32092667
64.0	0.00011288378916846884	0.5	0.0	0.6781796	0.8851618	0.2627505	0.67907333	0.075243376	0.32092667
64.0	0.00023357214690901214	0.5	0.1	0.32092667	0.68815386	0.32092667	0.67907333	0.67907333	0.32092413
32.0	2.06913808111479e-06	0.5	0.1	0.6837704	0.88760984	0.2806066	0.67907333	0.11798375	0.32092667
64.0	0.00023357214690901214	0.39999999999999997	0.2	0.011549103	0.6790904	1.7038981e-05	0.67907333	0	0.32092667
16.0	0.0006951927961775605	0.6	0.2	5.664001e-06	0.67907333	0	0.67907333	0	0.32092667
16.0	2.976351441631319e-06	0.3	0.0	0.48698622	0.80128425	0.30077058	0.6776985	0.59254456	0.3203313
64.0	5.4555947811685143e-05	0.6	0.1	0.6838873	0.88734615	0.2775604	0.67907333	0.14167786	0.32092667
32.0	0.0001623776739188721	0.6	0.2	0.68783766	0.8887456	0.2651586	0.67907333	0.075060524	0.32092667
32.0	5.4555947811685143e-05	0.39999999999999997	0.1	0.6849544	0.8883428	0.2640363	0.67907333	0.06857656	0.32092667
32.0	1.274274985703132e-05	0.39999999999999997	0.1	0.679774	0.88495636	0.2668208	0.6790624	0.10271886	0.32092157
32.0	0.001	0.6	0.1	3.7923884e-28	0.67907333	0	0.67907333	0	0.32092667
16.0	1.274274985703132e-05	0.5	0.2	0.63999426	0.87489754	0.240625	0.67907333	0.11146876	0.32092667
64.0	1e-06	0.5	0.1	0.64071816	0.8702932	0.25183183	0.67907333	0.07974065	0.32092667
64.0	1.438449888287663e-06	0.5	0.0	0.67866963	0.8861959	0.29209492	0.67907333	0.24954782	0.32092667
32.0	7.847599703514606e-05	0.5	0.1	0.685244	0.88948846	0.2537234	0.67906165	0.11103363	0.32092312
16.0	2.06913808111479e-06	0.3	0.2	0.22565623	0.67907333	0.060313925	0.67907333	0.113081105	0.32092667
16.0	0.0003359818286283781	0.3	0.1	0.6812483	0.88863015	0.26966935	0.67907333	0.1388883	0.32092667
16.0	1.8329807108324375e-05	0.3	0.0	0.68302095	0.8867251	0.2594475	0.67907333	0.16469066	0.32092667
16.0	2.976351441631319e-06	0.5	0.2	0.6334714	0.86727905	0.25578386	0.6790499	0.13058573	0.3209058
32.0	2.6366508987303556e-05	0.6	0.2	0.6827469	0.8892077	0.25924504	0.67907333	0.07219417	0.32092667
16.0	0.00023357214690901214	0.6	0.1	0.68991345	0.8897896	0.27369487	0.67907333	0.0936264	0.32092336
64.0	1.8329807108324375e-05	0.39999999999999997	0.0	0.6808989	0.88635254	0.26224035	0.67907333	0.073197685	0.32092667
16.0	4.281332398719396e-06	0.5	0.2	0.19762078	0.67907333	0.023595683	0.67907333	0.0525561	0.32092667
16.0	2.6366508987303556e-05	0.5	0.0	0.68962634	0.8892599	0.27329254	0.67907333	0.089540355	0.32092667
16.0	1e-06	0.39999999999999997	0.0	0.6051608	0.8581139	0.24374594	0.6777031	0.1386411	0.32028428
64.0	2.6366508987303556e-05	0.5	0.2	0.68121314	0.8846746	0.25998384	0.67907333	0.05855077	0.32092667
64.0	8.858667904100832e-06	0.5	0.1	0.6573381	0.88281375	0.24406739	0.67907333	0.054780833	0.32092667
32.0	1.274274985703132e-05	0.39999999999999997	0.1	0.6877149	0.8887258	0.27926153	0.67907333	0.087330624	0.3209264
64.0	0.0001623776739188721	0.39999999999999997	0.1	0.6659189	0.8843628	0.32088268	0.67907333	0.67888206	0.32092667
16.0	2.976351441631319e-06	0.6	0.0	0.19940092	0.67907333	0.0019119263	0.67907333	0.003171285	0.32092667
16.0	2.6366508987303556e-05	0.3	0.0	0.66983324	0.87966484	0.3185712	0.67907333	0.57541883	0.32083103
16.0	5.4555947811685143e-05	0.3	0.2	0.6700194	0.8855298	0.2511182	0.67907333	0.06301015	0.32092667
32.0	0.0003359818286283781	0.5	0.0	0.32092667	0.76131946	0.32092667	0.67907333	0.67907333	0.32092565
64.0	2.976351441631319e-06	0.3	0.0	0.67038506	0.8818899	0.3148997	0.67907333	0.45513153	0.32092667
64.0	0.00011288378916846884	0.3	0.2	0.320926670.6794695	0.320926670.67907333	0.67907333	0.32092667
16.0	0.0003359818286283781	0.5	0.1	0.320926670.71118367	0.320926670.67907333	0.67907333	0.32092667
16.0	4.281332398719396e-06	0.3	0.0	0.24502902	0.67907387	0.31860223	0.67907333	0.6761251	0.32092667
64.0	6.158482110660267e-06	0.3	0.2	0.6798474	0.88757986	0.26699626	0.67907333	0.15715942	0.32092667
16.0	3.792690190732254e-05	0.39999999999999997	0.0	0.6757061	0.8863861	0.26358896	0.67907333	0.077226765	0.32092667
16.0	1e-06	0.6	0.1	0.22946419	0.67907333	0.037372336	0.67907333	0.07508393	0.32092667
64.0	4.281332398719396e-06	0.39999999999999997	0.2	0.6921199	0.8905825	0.28320667	0.67907333	0.1412229	0.32092667
64.0	0.00011288378916846884	0.39999999999999997	0.0	0.67812	0.8864286	0.25103506	0.67907333	0.05251948	0.32092667
64.0	4.281332398719396e-06	0.6	0.2	0.6910582	0.8899559	0.28254548	0.67907333	0.11981455	0.32092667
32.0	2.06913808111479e-06	0.5	0.2	0.20946436	0.67907333	0.00060653687	0.67907333	0.0009811402	0.32092667
32.0	2.976351441631319e-06	0.39999999999999997	0.2	0.6764463	0.88496983	0.2834297	0.67907333	0.18386637	0.32092667
32.0	1.274274985703132e-05	0.6	0.1	0.6838949	0.88780516	0.27605948	0.67907333	0.12553355	0.32092667
32.0	2.06913808111479e-06	0.39999999999999997	0.2	0.6420687	0.87250596	0.26963374	0.67906135	0.2405248	0.32092184
32.0	6.158482110660267e-06	0.5	0.1	0.66605514	0.88238627	0.2870158	0.67907333	0.26364237	0.32092667
64.0	0.0001623776739188721	0.5	0.0	0.6804141	0.88774973	0.27670872	0.67907333	0.12927704	0.32092667
16.0	0.0004832930238571752	0.6	0.1	0.320926670.67907333	0.320926670.67907333	0.67907333	0.32092667
32.0	7.847599703514606e-05	0.39999999999999997	0.1	0.6875131	0.8903969	0.320926670.67907333	0.67907333	0.32092667
32.0	0.0004832930238571752	0.6	0.2	0.320926670.67907333	0.320926670.67907333	0.67907333	0.32092667
16.0	3.792690190732254e-05	0.39999999999999997	0.0	0.6791413	0.88742954	0.28154296	0.67907333	0.11992798	0.32092667
16.0	1.438449888287663e-06	0.39999999999999997	0.1	0.22225767	0.6790741	0.004352824	0.67907333	0.005991872	0.32092667
32.0	5.4555947811685143e-05	0.5	0.1	0.6757164	0.8853973	0.26463318	0.67907333	0.07701492	0.32092667
64.0	0.0004832930238571752	0.3	0.2	1.8769776e-11	0.67907333	0	0.67907333	0	0.32092667
64.0	0.001	0.6	0.1	0.320926670.67907333	0.320926670.67907333	0.67907333	0.32092667
16.0	5.4555947811685143e-05	0.3	0.2	0.003647017	0.67907333	1.6021728e-05	0.67907333	4.5776367e-05	0.32092667
32.0	0.001	0.6	0.1	0.022626886	0.6790764	3.0517579e-06	0.67907333	0	0.32092667
16.0	3.792690190732254e-05	0.39999999999999997	0.2	0.66751117	0.88497466	0.24882126	0.67907333	0.075269066	0.32092667
16.0	0.0001623776739188721	0.3	0.0	0.6840585	0.8887085	0.27156398	0.6790703	0.1037234	0.32092258
32.0	5.4555947811685143e-05	0.3	0.2	0.6783904	0.8869804	0.25170568	0.67907333	0.52837193	0.32092667
32.0	1e-06	0.6	0.2	0.21263853	0.68006414	0.00834961	0.67907333	0.01572291	0.32092667
32.0	1.274274985703132e-05	0.6	0.0	0.6675683	0.88445103	0.25653356	0.67907333	0.2097046	0.32092667
32.0	2.6366508987303556e-05	0.39999999999999997	0.2	0.6867124	0.8875387	0.2598465	0.67907333	0.061390687	0.32092667
16.0	0.001	0.5	0.2	6.067045e-05	0.67907333	0	0.67907333	0	0.32092667
64.0	0.0004832930238571752	0.6	0.2	0.00015388745	0.67907333	0	0.67907333	0	0.32092667
16.0	5.4555947811685143e-05	0.5	0.1	0.68536097	0.88707197	0.26740468	0.67907333	0.35707676	0.32092667
16.0	1e-06	0.5	0.1	0.23940153	0.6790741	0.23325475	0.67907333	0.48365375	0.32092667
16.0	1.274274985703132e-05	0.5	0.0	0.68382007	0.8874746	0.2884702	0.67907333	0.43045858	0.32092667
16.0	3.792690190732254e-05	0.5	0.2	0.6865805	0.88757324	0.26735535	0.67907333	0.079805754	0.32092667
16.0	1e-06	0.5	0.1	0.24287248	0.6790657	0.25712126	0.6790596	0.5548022	0.32092056
64.0	0.00023357214690901214	0.39999999999999997	0.2	0.32092655	0.71818566	0.320926670.67907333	0.67907333	0.32092667
16.0	7.847599703514606e-05	0.3	0.0	0.6740002	0.88636476	0.27433828	0.67907333	0.084369406	0.32092667
64.0	3.792690190732254e-05	0.3	0.0	0.67993635	0.8864103	0.26654407	0.67907333	0.07387059	0.32092667
32.0	2.976351441631319e-06	0.6	0.0	0.66753143	0.88255745	0.2858663	0.67907333	0.22395706	0.32092032
32.0	4.281332398719396e-06	0.5	0.2	0.68490666	0.8858645	0.28098756	0.6790586	0.12897365	0.32092184
16.0	0.00011288378916846884	0.5	0.0	0.6880896	0.88893586	0.25911635	0.67907333	0.0710701	0.32092667
64.0	2.6366508987303556e-05	0.39999999999999997	0.1	0.6851356	0.8873466	0.26857325	0.67907333	0.079713695	0.32092667
64.0	0.0004832930238571752	0.39999999999999997	0.2	0.320926670.6808548	0.320926670.67907333	0.67907333	0.32092667
32.0	0.0006951927961775605	0.3	0.1	0.320926670.67907333	0.320926670.67907333	0.67907333	0.32092667
16.0	2.976351441631319e-06	0.39999999999999997	0.1	0.2268847	0.67907333	0.103727214	0.67907333	0.22925441	0.32092667
32.0	6.158482110660267e-06	0.6	0.1	0.6859509	0.88835907	0.26851934	0.67907333	0.16961238	0.32092667
64.0	0.0003359818286283781	0.39999999999999997	0.2	0.320926670.6808863	0.320926670.67907333	0.67907333	0.32092667
32.0	1e-06	0.6	0.1	0.22300778	0.67907333	0.06463445	0.67907333	0.15912272	0.32092667
32.0	1.8329807108324375e-05	0.6	0.1	0.679229	0.88880104	0.25392532	0.67907333	0.06547368	0.32092667
32.0	5.4555947811685143e-05	0.5	0.2	0.680308	0.8840711	0.27197725	0.67907333	0.08842265	0.32092667
64.0	0.001	0.39999999999999997	0.0	3.6621846e-18	0.67907333	0	0.67907333	0	0.32092667
16.0	1.438449888287663e-06	0.6	0.0	0.5964455	0.85715586	0.21168748	0.67554116	0.2972646	0.3191124
16.0	0.0001623776739188721	0.5	0.1	0.6923786	0.88855183	0.26875484	0.67907333	0.07543767	0.32092616
16.0	0.001	0.6	0.0	0.1396953	0.67907333	0.014842224	0.67907333	0.026200866	0.32092667
64.0	4.281332398719396e-06	0.6	0.2	0.68651783	0.88913447	0.26605937	0.67907333	0.0775561	0.32092667
32.0	0.0003359818286283781	0.39999999999999997	0.0	0.320926670.75016505	0.320926670.67907333	0.67907333	0.32092667
16.0	0.0003359818286283781	0.3	0.1	0.15426654	0.67907333	0.080571495	0.67907333	0.17043406	0.32092667
64.0	0.0001623776739188721	0.3	0.0	0.320926670.68349177	0.320926670.67907333	0.67907333	0.32092667
64.0	0.00011288378916846884	0.3	0.0	0.48918167	0.80733794	0.320926670.67907333	0.67907333	0.32092667
32.0	8.858667904100832e-06	0.3	0.2	0.6703091	0.8845584	0.26546937	0.67907333	0.15617904	0.32092667
16.0	0.001	0.39999999999999997	0.1	0.01009898	0.6820719	0.0029986063	0.67907333	0	0.32092667
32.0	0.0001623776739188721	0.3	0.0	0.6884685	0.888651	0.26498514	0.67907333	0.07619476	0.32092667
32.0	2.06913808111479e-06	0.5	0.0	0.668793	0.8820941	0.26996967	0.6790502	0.12504426	0.32091674
32.0	1.8329807108324375e-05	0.5	0.0	0.6101964	0.8691925	0.2659032	0.67907333	0.28006947	0.32092667
16.0	0.0001623776739188721	0.3	0.2	0.6764621	0.8843231	0.26183015	0.67907333	0.20436732	0.32092667
32.0	0.0003359818286283781	0.6	0.0	0.32092842	0.67907387	0.32092667	0.67907333	0.67907333	0.32092616
32.0	6.158482110660267e-06	0.39999999999999997	0.0	0.671763	0.88255054	0.29263434	0.67907333	0.4344106	0.32092667
64.0	0.00023357214690901214	0.39999999999999997	0.2	0.320926670.68271714	0.320926670.67907333	0.67907333	0.32092667
16.0	1.438449888287663e-06	0.5	0.1	0.23157448	0.6790746	0.1385208	0.67907333	0.29236475	0.32092667
64.0	0.001	0.3	0.1	4.787071e-06	0.67907333	0	0.67907333	0	0.32092667
32.0	0.0006951927961775605	0.5	0.0	0.00074190355	0.67909366	2.0345053e-05	0.67907333	0	0.32092667
32.0	7.847599703514606e-05	0.6	0.0	0.67704403	0.8846649	0.26457012	0.67907333	0.20845261	0.32092667
16.0	3.792690190732254e-05	0.6	0.2	0.6824287	0.8899676	0.26040828	0.67907333	0.06315282	0.32092386
16.0	1e-06	0.6	0.0	0.24293979	0.67906725	0.300369	0.67906266	0.6423228	0.32092208
16.0	0.001	0.39999999999999997	0.0	0.320926670.73056614	0.320926670.67907333	0.67907333	0.32092667
16.0	0.0006951927961775605	0.3	0.2	0.320926670.6791626	0.320926670.67907333	0.67907333	0.32092667
16.0	0.0001623776739188721	0.6	0.0	0.6860081	0.88677394	0.28856787	0.67907333	0.15292485	0.32092667
64.0	0.001	0.6	0.1	0.320926670.67907333	0.320926670.67907333	0.67907333	0.32092667
16.0	0.001	0.39999999999999997	0.2	4.7549554e-07	0.67907333	0	0.67907333	0	0.32092667
16.0	1.274274985703132e-05	0.5	0.0	0.6589325	0.8781616	0.27515844	0.67907333	0.39930674	0.32092667
16.0	0.00011288378916846884	0.6	0.1	0.68092173	0.88985926	0.2533737	0.67907333	0.05687561	0.32092157
64.0	1.274274985703132e-05	0.39999999999999997	0.0	0.6768621	0.88148904	0.30048117	0.67907333	0.25070825	0.32092667
32.0	2.976351441631319e-06	0.5	0.2	0.6383609	0.8695737	0.2859243	0.67907333	0.305852	0.32092667
32.0	1.8329807108324375e-05	0.5	0.0	0.6933479	0.88955766	0.27081808	0.6790703	0.087201945	0.32092488
32.0	0.0006951927961775605	0.6	0.1	0.320926670.67907333	0.320926670.67907333	0.67907333	0.32092667
64.0	3.792690190732254e-05	0.5	0.0	0.680207	0.8854223	0.2595075	0.67907333	0.07982178	0.32092667
32.0	7.847599703514606e-05	0.6	0.1	0.68805206	0.8896011	0.26565474	0.67907333	0.070740506	0.32092667
64.0	0.00011288378916846884	0.39999999999999997	0.0	0.32092646	0.67942685	0.320926670.67907333	0.67907333	0.32092667
64.0	5.4555947811685143e-05	0.39999999999999997	0.1	0.43681374	0.7945145	0.320926670.67907333	0.67907333	0.32092667
32.0	5.4555947811685143e-05	0.5	0.1	0.68702424	0.8869695	0.27741393	0.67907333	0.122416176	0.32092667
32.0	2.6366508987303556e-05	0.5	0.0	0.6799182	0.88558424	0.25742418	0.67907333	0.07176539	0.32092667
64.0	0.0004832930238571752	0.39999999999999997	0.1	0.320926670.67907333	0.320926670.67907333	0.67907333	0.32092667
64.0	0.0003359818286283781	0.5	0.2	0.320926670.6791298	0.320926670.67907333	0.67907333	0.32092667
32.0	1.438449888287663e-06	0.6	0.2	0.22185694	0.6790736	0.044584654	0.67907333	0.09209315	0.32092667
16.0	1e-06	0.5	0.2	0.24741738	0.67906725	0.3108948	0.67906266	0.66403806	0.32092208
32.0	8.858667904100832e-06	0.6	0.1	0.64665955	0.8793243	0.24992676	0.67907333	0.06439641	0.32092667
64.0	0.0004832930238571752	0.5	0.1	6.2643384e-11	0.67907333	0	0.67907333	0	0.32092667
32.0	3.792690190732254e-05	0.3	0.2	0.670337	0.8842603	0.25559157	0.67907333	0.0990242	0.32092667
64.0	8.858667904100832e-06	0.3	0.2	0.66050804	0.88083774	0.24726155	0.67907333	0.07701568	0.32092667
16.0	0.00011288378916846884	0.6	0.0	0.6952107	0.8922595	0.25688884	0.67907333	0.0467954	0.32092667
64.0	2.6366508987303556e-05	0.6	0.1	0.6799582	0.8880603	0.26158014	0.67907333	0.06553497	0.32092667
64.0	0.0001623776739188721	0.5	0.2	0.320926670.7487472	0.320926670.67907333	0.67907333	0.32092667
64.0	0.00011288378916846884	0.5	0.0	0.320926670.75189054	0.320926670.67907333	0.67907333	0.32092667
16.0	1e-06	0.39999999999999997	0.2	0.24361028	0.67906547	0.28860828	0.67906165	0.61872864	0.32092312
16.0	2.976351441631319e-06	0.5	0.2	0.61637014	0.8615056	0.2712565	0.6790227	0.25661495	0.32078856
32.0	1e-06	0.5	0.1	0.6189776	0.8643107	0.23963343	0.67907333	0.108785756	0.32092616
64.0	1.438449888287663e-06	0.6	0.0	0.6661271	0.8825127	0.28856277	0.67907333	0.2467481	0.32092667
16.0	0.0004832930238571752	0.5	0.1	0.320926670.7416621	0.320926670.67907333	0.67907333	0.32092667
64.0	2.06913808111479e-06	0.3	0.2	0.6697181	0.8855596	0.25698903	0.67907333	0.09087703	0.32092667
64.0	2.976351441631319e-06	0.6	0.1	0.6913551	0.8896975	0.29380316	0.67907333	0.17401886	0.32092565
16.0	0.0004832930238571752	0.3	0.1	0.23059079	0.7501953	0.07612635	0.67907333	0.006430562	0.32092667
32.0	0.00011288378916846884	0.39999999999999997	0.0	0.68492854	0.8871597	0.27181345	0.67907333	0.122499846	0.32092667
16.0	0.00011288378916846884	0.5	0.0	0.024221735	0.6790741	0.0001548767	0.67907333	0.00033493043	0.32092667
32.0	2.6366508987303556e-05	0.6	0.2	0.6828955	0.8862226	0.28804627	0.67907333	0.18806559	0.32092667
16.0	1.438449888287663e-06	0.6	0.0	0.20606332	0.67907333	0.0007181803	0.67907333	0.001617686	0.32092667
64.0	2.6366508987303556e-05	0.3	0.0	0.69270223	0.8906123	0.26643753	0.67907333	0.098161824	0.32092667
64.0	2.6366508987303556e-05	0.39999999999999997	0.1	0.6853763	0.8874247	0.27889174	0.67907333	0.09864019	0.32092667
64.0	1.274274985703132e-05	0.5	0.0	0.6752331	0.8860382	0.26205954	0.67907333	0.088597365	0.32092667
64.0	2.06913808111479e-06	0.5	0.0	0.6544475	0.87943953	0.23578288	0.6790649	0.035547636	0.32088062
16.0	6.158482110660267e-06	0.39999999999999997	0.2	0.21889706	0.67907333	0.12892532	0.67907333	0.2737549	0.32092667
32.0	0.00011288378916846884	0.3	0.0	0.6781747	0.886482	0.28347194	0.67907333	0.185289	0.32092667
64.0	2.976351441631319e-06	0.3	0.0	0.69266075	0.8900749	0.28663304	0.67907333	0.1368482	0.32092667
16.0	5.4555947811685143e-05	0.6	0.2	0.6727635	0.8840958	0.25071156	0.67907333	0.21252035	0.32092667
64.0	0.00011288378916846884	0.3	0.2	0.320926670.6835874	0.320926670.67907333	0.67907333	0.32092667
32.0	2.976351441631319e-06	0.39999999999999997	0.2	0.20417885	0.6891927	0.055506643	0.6790693	0.110197194	0.32092488
16.0	7.847599703514606e-05	0.5	0.2	0.6864708	0.8878044	0.26694235	0.67907333	0.08306707	0.32092667
64.0	3.792690190732254e-05	0.3	0.0	0.6762763	0.882485	0.27989757	0.67907333	0.117670946	0.32092667
32.0	2.976351441631319e-06	0.39999999999999997	0.1	0.65490854	0.8745501	0.28922194	0.67907333	0.35501888	0.32092667
32.0	5.4555947811685143e-05	0.39999999999999997	0.1	0.67936915	0.8828288	0.25839233	0.67907333	0.0807429	0.32092667
16.0	5.4555947811685143e-05	0.39999999999999997	0.0	0.6743643	0.88277155	0.284831	0.67907333	0.20722376	0.32092667
16.0	1e-06	0.6	0.2	0.22165039	0.6790736	0.032583617	0.67907333	0.05297928	0.32092667
16.0	1.8329807108324375e-05	0.3	0.0	0.63163435	0.8687383	0.24837646	0.67907333	0.10637233	0.32092667
32.0	2.06913808111479e-06	0.5	0.0	0.64786017	0.8737635	0.2611885	0.67907333	0.11075185	0.32092667
32.0	4.281332398719396e-06	0.6	0.2	0.64421767	0.8773079	0.22683945	0.67907053	0.036921185	0.32092157
64.0	2.976351441631319e-06	0.39999999999999997	0.0	0.6832628	0.88730216	0.29614717	0.67907333	0.26327005	0.3209264
32.0	2.976351441631319e-06	0.3	0.2	0.30947578	0.75818735	0.13579534	0.67907333	0.27252248	0.32092667
16.0	1e-06	0.39999999999999997	0.1	0.21885048	0.67907333	0.013358053	0.67907333	0.021669261	0.32092667
32.0	6.158482110660267e-06	0.39999999999999997	0.0	0.6870905	0.8899971	0.27748567	0.679069	0.14054285	0.3209193
16.0	1e-06	0.5	0.1	0.24424244	0.6790586	0.31702933	0.6790507	0.6737386	0.32091877
64.0	2.06913808111479e-06	0.5	0.1	0.6780812	0.88675386	0.26394525	0.67907333	0.08982646	0.32092667
32.0	0.0006951927961775605	0.5	0.1	1.1920724e-05	0.67907333	0	0.67907333	0	0.32092667
64.0	7.847599703514606e-05	0.39999999999999997	0.1	0.6953523	0.8924174	0.3116712	0.67907333	0.6604787	0.32092667
16.0	0.00011288378916846884	0.6	0.0	0.320926670.67907333	0.320926670.67907333	0.67907333	0.32092667
32.0	0.00011288378916846884	0.39999999999999997	0.0	0.6782772	0.88487345	0.28414458	0.67907333	0.2824697	0.32092667
64.0	0.0001623776739188721	0.6	0.1	0.320926670.70491844	0.320926670.67907333	0.67907333	0.32092667
32.0	6.158482110660267e-06	0.5	0.2	0.6918171	0.88926035	0.29319355	0.6790731	0.21867777	0.32092437
16.0	5.4555947811685143e-05	0.6	0.1	0.66641784	0.88102216	0.26051915	0.67907256	0.12837449	0.32079366
32.0	2.06913808111479e-06	0.3	0.0	0.23830076	0.6873497	0.28051454	0.67907333	0.58502936	0.32092667
16.0	0.0003359818286283781	0.3	0.2	0.320926670.67907333	0.320926670.67907333	0.67907333	0.32092667
32.0	4.281332398719396e-06	0.5	0.1	0.6860511	0.8878952	0.29179916	0.67907333	0.24158733	0.32092667
16.0	2.976351441631319e-06	0.3	0.1	0.23258306	0.6790741	0.1457194	0.67907333	0.29628322	0.32092667
16.0	0.0001623776739188721	0.39999999999999997	0.2	0.69606155	0.8924291	0.27031353	0.67907333	0.0685262	0.32092667
32.0	1.274274985703132e-05	0.39999999999999997	0.1	0.66471237	0.8818815	0.25211257	0.6790624	0.09723892	0.32092157
32.0	2.06913808111479e-06	0.5	0.1	0.23531935	0.67907333	0.17739181	0.67907333	0.3698105	0.32092667
16.0	0.0004832930238571752	0.5	0.0	0.68421495	0.88877004	0.2705831	0.67907333	0.51533836	0.3209264
16.0	0.0006951927961775605	0.3	0.2	0.011102598	0.67907333	0	0.67907333	0	0.32092667
64.0	6.158482110660267e-06	0.5	0.1	0.69213957	0.8909523	0.281353	0.6790731	0.124490105	0.32092515
32.0	1.274274985703132e-05	0.6	0.2	0.6687688	0.8838631	0.26005858	0.67907333	0.16080298	0.32092667
16.0	4.281332398719396e-06	0.6	0.1	0.2203143	0.67907333	0.03772456	0.67907333	0.08274816	0.32092667
64.0	2.976351441631319e-06	0.6	0.0	0.68228096	0.887191	0.2618871	0.6790517	0.086998746	0.32091954
32.0	4.281332398719396e-06	0.5	0.1	0.68095624	0.8865166	0.27722397	0.67907333	0.17346649	0.32092667
32.0	0.0001623776739188721	0.39999999999999997	0.1	0.3209249	0.7637497	0.320926670.67907333	0.67907333	0.32092667
64.0	1.274274985703132e-05	0.39999999999999997	0.2	0.65765023	0.87827885	0.25637233	0.67907333	0.1889539	0.32092667
32.0	1.438449888287663e-06	0.5	0.0	0.23411648	0.67907333	0.20362905	0.67907333	0.45682755	0.32092667
64.0	0.0004832930238571752	0.39999999999999997	0.0	0.320926670.67907333	0.320926670.67907333	0.67907333	0.32092667
16.0	0.0001623776739188721	0.6	0.2	0.6870535	0.89252955	0.26389772	0.67907333	0.20695648	0.32092667
32.0	2.6366508987303556e-05	0.3	0.2	0.6720488	0.8849548	0.32091802	0.67907333	0.6790314	0.32092667
32.0	8.858667904100832e-06	0.5	0.1	0.68177116	0.8863228	0.281633	0.67907333	0.12684098	0.32092667
64.0	1.438449888287663e-06	0.5	0.0	0.6780491	0.88517505	0.26602402	0.67907333	0.09438222	0.32092667
16.0	1.274274985703132e-05	0.39999999999999997	0.0	0.023564635	0.67907333	0.0002784729	0.67907333	0.0006436666	0.32092667
32.0	6.158482110660267e-06	0.3	0.1	0.68744874	0.8884262	0.28669688	0.67907333	0.13015136	0.32092667
64.0	8.858667904100832e-06	0.5	0.1	0.67616755	0.88536555	0.2840009	0.67907333	0.12885462	0.32092667
64.0	6.158482110660267e-06	0.3	0.0	0.68710166	0.88755745	0.29334006	0.67907333	0.19536997	0.32092667
16.0	8.858667904100832e-06	0.3	0.2	0.10451137	0.67907333	0.00023676554	0.67907333	0.0005101522	0.32092667
64.0	0.001	0.3	0.2	0.320926670.67907333	0.320926670.67907333	0.67907333	0.32092667
16.0	1.8329807108324375e-05	0.39999999999999997	0.1	0.00718646	0.67907333	0.00036137897	0.67907333	0.00095621747	0.32092667
32.0	4.281332398719396e-06	0.3	0.0	0.17561254	0.6910998	0.012330881	0.67907333	0.00094706216	0.32092667
64.0	2.06913808111479e-06	0.3	0.2	0.6863752	0.8905922	0.2752823	0.67907333	0.20904541	0.32092667
16.0	1.274274985703132e-05	0.39999999999999997	0.1	0.19662668	0.67907333	0.0013837179	0.67907333	0.0029223124	0.32092667
64.0	8.858667904100832e-06	0.39999999999999997	0.2	0.6799575	0.8848208	0.31372732	0.67907333	0.576119	0.32092667
64.0	0.0006951927961775605	0.6	0.1	0.320926670.67907333	0.320926670.67907333	0.67907333	0.32092667
16.0	3.792690190732254e-05	0.5	0.2	0.6914948	0.8892095	0.28189188	0.67882794	0.12646636	0.32033336
32.0	8.858667904100832e-06	0.5	0.0	0.68917996	0.8870862	0.2820778	0.67907333	0.12919667	0.32092667
64.0	1.274274985703132e-05	0.3	0.1	0.6753131	0.88618034	0.25610048	0.67907333	0.058572896	0.32092667
16.0	0.0006951927961775605	0.6	0.2	2.7346347e-05	0.6790736	2.5431316e-07	0.67907333	0	0.32092667
32.0	0.0004832930238571752	0.39999999999999997	0.1	0.23376682	0.7506373	0.078401186	0.67907333	0.006837209	0.32092667
16.0	1.274274985703132e-05	0.5	0.2	0.67891437	0.8876007	0.27394918	0.6790667	0.12441457	0.32092386
16.0	7.847599703514606e-05	0.6	0.2	0.68834704	0.88751096	0.2671631	0.67907333	0.10696309	0.32092667
16.0	7.847599703514606e-05	0.5	0.2	0.695937	0.8906637	0.27262115	0.67907333	0.16741766	0.32092667
32.0	6.158482110660267e-06	0.39999999999999997	0.2	0.6739428	0.8852351	0.29553655	0.67907333	0.5429606	0.32092667
16.0	1.438449888287663e-06	0.6	0.1	0.2089143	0.6790792	0.0013338724	0.67907333	0.002032725	0.32092667
64.0	2.976351441631319e-06	0.39999999999999997	0.2	0.6556896	0.8792407	0.2947146	0.67907333	0.49971592	0.32092667
32.0	0.00023357214690901214	0.6	0.1	0.320926670.6933126	0.320926670.67907333	0.67907333	0.32092667
16.0	0.00023357214690901214	0.6	0.1	0.320926670.67907333	0.320926670.67907333	0.67907333	0.32092667
64.0	0.0001623776739188721	0.3	0.1	0.320926670.6790815	0.320926670.67907333	0.67907333	0.32092667
32.0	6.158482110660267e-06	0.6	0.2	0.67983943	0.8845182	0.2907575	0.6790675	0.2390307	0.32092386
32.0	0.0006951927961775605	0.6	0.00.32092667	0.32092667	0.32092667	00.67907333	0
32.0	0.0003359818286283781	0.3	0.1	0.3209266	0.67907333	0.320926670.67907333	0.67907333	0.32092667
16.0	1.274274985703132e-05	0.6	0.2	0.66823155	0.8801239	0.27439702	0.67907333	0.20668869	0.32092667
32.0	2.6366508987303556e-05	0.5	0.1	0.68460727	0.88823575	0.26736653	0.67907333	0.09998601	0.32092667
16.0	1.274274985703132e-05	0.6	0.1	0.020371374	0.6790736	0.0004892985	0.67907333	0.0010899862	0.32092667
16.0	8.858667904100832e-06	0.3	0.1	0.68125385	0.88673145	0.27477393	0.67906445	0.12550837	0.32092312
32.0	1.8329807108324375e-05	0.5	0.0	0.67732596	0.8859116	0.25683084	0.67907256	0.07639567	0.32092312
16.0	6.158482110660267e-06	0.5	0.1	0.67956525	0.88851523	0.26424536	0.67907333	0.08263881	0.32092667
64.0	0.001	0.3	0.0	2.2186363e-05	0.67907333	0	0.67907333	0	0.32092667
16.0	0.00011288378916846884	0.5	0.1	0.6831913	0.8886139	0.26988602	0.67907333	0.10228424	0.32092667
64.0	0.0001623776739188721	0.3	0.0	0.6838161	0.8892995	0.320926670.67907333	0.67907333	0.32092667
32.0	1.438449888287663e-06	0.6	0.0	0.6206491	0.8622671	0.29809773	0.67906797	0.49186248	0.32092208
16.0	0.0001623776739188721	0.39999999999999997	0.0	0.320926670.67907333	0.320926670.67907333	0.67907333	0.32092667
32.0	1.274274985703132e-05	0.6	0.0	0.6810178	0.8873436	0.2616557	0.67907333	0.06117172	0.32092667
16.0	4.281332398719396e-06	0.39999999999999997	0.1	0.16422203	0.6790746	0.0014104208	0.67907333	0.0028160096	0.32092667
64.0	0.0004832930238571752	0.5	0.0	0.320926670.67907333	0.320926670.67907333	0.67907333	0.32092667
16.0	2.06913808111479e-06	0.3	0.1	0.20997581	0.6790675	0.014375814	0.67906266	0.0236262	0.32092208
32.0	0.001	0.3	0.0	0.320926670.67907333	0.320926670.67907333	0.67907333	0.32092667
32.0	7.847599703514606e-05	0.39999999999999997	0.0	0.6787365	0.8834859	0.25926057	0.67907333	0.08188502	0.32092667
16.0	2.6366508987303556e-05	0.5	0.2	0.6647001	0.8858813	0.25691757	0.67903495	0.09861831	0.3209076
32.0	1e-06	0.39999999999999997	0.0	0.21881904	0.6790736	0.0023783366	0.67907333	0.0039792378	0.32092667
16.0	0.0003359818286283781	0.3	0.1	0.68240416	0.8860964	0.25663376	0.67907333	0.08818919	0.32092667
64.0	0.001	0.5	0.0	1.7507422e-18	0.67907333	0	0.67907333	0	0.32092667
32.0	2.6366508987303556e-05	0.6	0.2	0.67686	0.8875249	0.25084227	0.67907333	0.075055696	0.32092667
64.0	7.847599703514606e-05	0.6	0.0	0.320926670.7163999	0.320926670.67907333	0.67907333	0.32092667
64.0	0.0003359818286283781	0.39999999999999997	0.2	0.000334383	0.67907333	0	0.67907333	0	0.32092667
64.0	5.4555947811685143e-05	0.39999999999999997	0.1	0.68119544	0.88454413	0.2697805	0.67907333	0.081848145	0.32092667
16.0	6.158482110660267e-06	0.39999999999999997	0.0	0.13706096	0.6791082	0.0011856079	0.67907333	0.0027074178	0.32092667
32.0	8.858667904100832e-06	0.5	0.1	0.68162704	0.8875626	0.2799998	0.67907333	0.11475856	0.32092667
32.0	3.792690190732254e-05	0.5	0.0	0.6847461	0.8868093	0.27350846	0.67907333	0.085646056	0.32092667
16.0	2.06913808111479e-06	0.5	0.2	0.4851538	0.7704379	0.2849579	0.6790624	0.49447936	0.3209198
64.0	0.00023357214690901214	0.3	0.0	0.28820193	0.7670708	0.094472505	0.67907333	0.006475067	0.32092667
16.0	0.0001623776739188721	0.5	0.1	2.5735595e-05	0.67907333	0	0.67907333	0	0.32092667
64.0	0.0001623776739188721	0.39999999999999997	0.0	0.320926670.6790947	0.320926670.67907333	0.67907333	0.32092667
64.0	4.281332398719396e-06	0.5	0.2	0.68509233	0.88750154	0.275458	0.67907333	0.11736145	0.32092667
32.0	2.6366508987303556e-05	0.5	0.0	0.65139467	0.8810104	0.2796659	0.67907333	0.31786728	0.32092667
16.0	5.4555947811685143e-05	0.39999999999999997	0.1	0.6801844	0.8855812	0.28445917	0.67906135	0.12911911	0.32092363
32.0	0.001	0.3	0.1	1.2288596e-11	0.67907333	0	0.67907333	0	0.32092667
64.0	2.06913808111479e-06	0.3	0.0	0.65308493	0.8802396	0.24995728	0.67907333	0.080832414	0.32092667
64.0	3.792690190732254e-05	0.3	0.0	0.6812747	0.88584137	0.27121606	0.67907333	0.08172073	0.32092667
64.0	2.06913808111479e-06	0.3	0.0	0.64838165	0.8729688	0.2864441	0.6790568	0.32402012	0.3209114
64.0	1.274274985703132e-05	0.6	0.0	0.67489946	0.88593596	0.24976018	0.67907333	0.06158117	0.32092667
32.0	1e-06	0.39999999999999997	0.2	0.23041864	0.67907333	0.10685476	0.67907333	0.20317967	0.32092667
32.0	2.976351441631319e-06	0.5	0.0	0.6730856	0.8843753	0.25114262	0.67906135	0.06461563	0.32092258
64.0	0.0006951927961775605	0.6	0.0	7.803552e-12	0.67907333	0	0.67907333	0	0.32092667
16.0	0.0004832930238571752	0.3	0.2	0.24346359	0.7536326	0.08079554	0.67907333	0.0062362673	0.32092667
64.0	4.281332398719396e-06	0.5	0.2	0.6933171	0.88948697	0.29743677	0.67907333	0.21390685	0.32092667
64.0	1e-06	0.39999999999999997	0.1	0.68279237	0.8874471	0.27816644	0.67907333	0.13426895	0.32092667
16.0	0.0004832930238571752	0.6	0.1	0.320926670.6992503	0.320926670.67907333	0.67907333	0.32092667
16.0	1.438449888287663e-06	0.6	0.0	0.24543338	0.7173058	0.26268414	0.67893577	0.55726904	0.32079113
16.0	2.06913808111479e-06	0.5	0.0	0.20950218	0.67907435	0.0028027853	0.67907333	0.0048706057	0.32092667
32.0	2.6366508987303556e-05	0.5	0.2	0.6865892	0.8873665	0.27546006	0.67907333	0.14029795	0.32092667
64.0	0.00023357214690901214	0.39999999999999997	0.1	0.320926670.7560834	0.320926670.67907333	0.67907333	0.32092667
16.0	0.0003359818286283781	0.3	0.0	0.320926670.6793958	0.320926670.67907333	0.67907333	0.32092667
16.0	8.858667904100832e-06	0.6	0.2	0.24292241	0.67907333	0.22087377	0.67907333	0.47492954	0.32092667
32.0	7.847599703514606e-05	0.5	0.2	0.68473154	0.88634694	0.26629716	0.67907333	0.07490565	0.32092667
32.0	8.858667904100832e-06	0.3	0.1	0.6890443	0.88831866	0.26894405	0.67907333	0.10401866	0.32092667
32.0	0.00011288378916846884	0.39999999999999997	0.1	0.6845247	0.8884585	0.2599378	0.67907333	0.0624115	0.32092667
64.0	0.0006951927961775605	0.3	0.0	0.00015422227	0.67907333	0	0.67907333	0	0.32092667
64.0	2.976351441631319e-06	0.39999999999999997	0.0	0.68585557	0.8884397	0.27029216	0.67907333	0.084797926	0.32092667
64.0	1.8329807108324375e-05	0.6	0.1	0.6844655	0.88623226	0.2689697	0.67907333	0.08308131	0.32092667
16.0	1.8329807108324375e-05	0.5	0.1	0.007848595	0.67907333	0.00028686522	0.67907333	0.0007054647	0.32092667
32.0	2.06913808111479e-06	0.3	0.1	0.63171	0.8684517	0.27850622	0.67907333	0.30888698	0.32092667
32.0	1e-06	0.5	0.2	0.26410046	0.67907333	0.3209264	0.67907333	0.6790728	0.32092667
16.0	2.6366508987303556e-05	0.6	0.2	0.6469068	0.8770192	0.24745865	0.67907333	0.08713888	0.32092667
64.0	0.0004832930238571752	0.3	0.2	2.0398757e-05	0.67907333	0	0.67907333	0	0.32092667
32.0	2.6366508987303556e-05	0.39999999999999997	0.0	0.6798199	0.8857801	0.2721423	0.67907333	0.09174271	0.32092667
64.0	8.858667904100832e-06	0.3	0.1	0.6781372	0.8865926	0.2741638	0.67907333	0.12162984	0.32092667
32.0	5.4555947811685143e-05	0.3	0.2	0.67622834	0.8848254	0.25767696	0.67907333	0.06959636	0.32092667
64.0	0.0001623776739188721	0.39999999999999997	0.0	0.320926670.76039606	0.320926670.67907333	0.67907333	0.32092667
32.0	1.274274985703132e-05	0.5	0.1	0.67911214	0.8859113	0.27233735	0.6790507	0.117973074	0.32091495
16.0	2.6366508987303556e-05	0.39999999999999997	0.2	0.6866093	0.88900197	0.2669543	0.67907333	0.08023631	0.32092285
16.0	2.976351441631319e-06	0.39999999999999997	0.0	0.23356612	0.67907333	0.19124044	0.67907333	0.40160522	0.32092667
16.0	0.0004832930238571752	0.39999999999999997	0.1	0.68620116	0.88794684	0.30955836	0.67907333	0.67359924	0.32092667
16.0	2.976351441631319e-06	0.5	0.2	0.22249775	0.67907333	0.06704737	0.67907333	0.13087259	0.32092667
16.0	1e-06	0.39999999999999997	0.1	0.21606816	0.67907333	0.0020062765	0.67907333	0.004238383	0.32092667
64.0	0.0006951927961775605	0.39999999999999997	0.0	1.4872488e-10	0.67907333	0	0.67907333	0	0.32092667
32.0	5.4555947811685143e-05	0.39999999999999997	0.0	0.6714159	0.8845609	0.32092234	0.67907333	0.679054	0.32092667
64.0	0.0004832930238571752	0.3	0.1	0.320926670.6791044	0.320926670.67907333	0.67907333	0.32092667
16.0	1.438449888287663e-06	0.5	0.1	0.22277577	0.6790736	0.051290132	0.67907333	0.09560903	0.32092667
64.0	1e-06	0.39999999999999997	0.2	0.6569564	0.8760699	0.29344913	0.67907333	0.3338674	0.32092667
64.0	0.0006951927961775605	0.39999999999999997	0.1	1.1615251e-06	0.67907333	0	0.67907333	0	0.32092667
32.0	0.00011288378916846884	0.5	0.0	0.6766698	0.88532203	0.26175588	0.67907333	0.08982518	0.32092667
16.0	6.158482110660267e-06	0.3	0.1	0.16681567	0.68864363	0.014480082	0.67907333	0.015267944	0.32092667
32.0	6.158482110660267e-06	0.5	0.1	0.6792821	0.88460135	0.26834336	0.67907333	0.091079965	0.32092667
16.0	8.858667904100832e-06	0.5	0.2	0.6523519	0.87854946	0.23588587	0.67906135	0.04994405	0.32092336
32.0	5.4555947811685143e-05	0.3	0.0	0.6871229	0.8885854	0.27530822	0.67907333	0.09687881	0.32092667
32.0	0.0003359818286283781	0.5	0.1	0.00034149055	0.67907333	0	0.67907333	0	0.32092667
64.0	0.0001623776739188721	0.39999999999999997	0.0	0.320926670.68115133	0.320926670.67907333	0.67907333	0.32092667
16.0	2.6366508987303556e-05	0.6	0.0	0.66039056	0.88232344	0.2587143	0.67907333	0.08772634	0.32092667
16.0	1e-06	0.3	0.1	0.24124375	0.67763597	0.28899103	0.6764008	0.61689985	0.31969148
64.0	0.00011288378916846884	0.39999999999999997	0.2	0.320926670.6798164	0.320926670.67907333	0.67907333	0.32092667
64.0	2.976351441631319e-06	0.3	0.1	0.6819562	0.8837593	0.2731023	0.67907333	0.12965342	0.32092667
32.0	3.792690190732254e-05	0.3	0.2	0.68287605	0.8875407	0.3119395	0.67907333	0.5911944	0.32092667
64.0	2.06913808111479e-06	0.6	0.1	0.67572427	0.88782907	0.26927337	0.67907333	0.09505844	0.32092667
16.0	1.274274985703132e-05	0.3	0.1	0.6343382	0.8599271	0.31340763	0.67907333	0.6293638	0.3209264
16.0	4.281332398719396e-06	0.39999999999999997	0.2	0.2089753	0.67907333	0.00032908123	0.67907333	0.0007881165	0.32092667
32.0	0.00011288378916846884	0.5	0.1	0.68187433	0.88750255	0.2939374	0.67907333	0.21118876	0.32092667
32.0	0.001	0.5	0.1	4.4695833e-05	0.67907333	0	0.67907333	0	0.32092667
32.0	0.0004832930238571752	0.3	0.0	0.320926670.67976356	0.320926670.67907333	0.67907333	0.32092667
16.0	2.06913808111479e-06	0.6	0.0	0.2311109	0.67907333	0.12567063	0.67907333	0.25611395	0.32092667
32.0	0.0006951927961775605	0.5	0.0	3.2448163e-05	0.67907333	0	0.67907333	0	0.32092667
16.0	1e-06	0.5	0.0	0.23338982	0.67907333	0.1734871	0.67907333	0.36783677	0.32092667
32.0	4.281332398719396e-06	0.39999999999999997	0.1	0.6903231	0.89093655	0.2876905	0.6790609	0.13489227	0.32092234
64.0	0.0006951927961775605	0.6	0.1	0.32092667	0.32092667	0.32092667	00.67907333	0
64.0	0.00011288378916846884	0.3	0.1	0.320926670.67978895	0.320926670.67907333	0.67907333	0.32092667
64.0	2.976351441631319e-06	0.3	0.1	0.6849352	0.8885127	0.27295431	0.67907333	0.105090074	0.32092413
64.0	2.6366508987303556e-05	0.6	0.1	0.6851122	0.8894854	0.26066512	0.67907333	0.06575165	0.32092667
64.0	0.0001623776739188721	0.39999999999999997	0.2	0.320926670.7095759	0.320926670.67907333	0.67907333	0.32092667
64.0	0.0001623776739188721	0.3	0.2	0.320926670.6790746	0.320926670.67907333	0.67907333	0.32092667
64.0	0.00023357214690901214	0.5	0.0	0.320926670.6804133	0.320926670.67907333	0.67907333	0.32092667
16.0	8.858667904100832e-06	0.39999999999999997	0.2	0.22989275	0.67907333	0.08268763	0.67907333	0.16160151	0.32092667
64.0	1.8329807108324375e-05	0.5	0.0	0.68493897	0.8867981	0.26818416	0.67907333	0.1025533	0.32092667
32.0	0.00023357214690901214	0.39999999999999997	0.1	0.3621341	0.78195167	0.320886	0.67907333	0.67898613	0.32092667
16.0	1e-06	0.39999999999999997	0.1	0.24326834	0.6795181	0.31624502	0.679053	0.67058945	0.32091954
32.0	1e-06	0.6	0.1	0.22243646	0.67907333	0.07057393	0.67907333	0.15751342	0.32092667
64.0	0.001	0.3	0.2	0.32092667	0.32092667	0.32092667	00.67907333	0
16.0	5.4555947811685143e-05	0.5	0.2	0.68016255	0.8839129	0.27635244	0.67907333	0.10241953	0.32092667
32.0	8.858667904100832e-06	0.3	0.1	0.68343765	0.8875084	0.26321614	0.6790535	0.08764191	0.32077435
16.0	0.0003359818286283781	0.39999999999999997	0.0	0.320926670.7553564	0.320926670.67907333	0.67907333	0.32092667
64.0	6.158482110660267e-06	0.39999999999999997	0.0	0.68597007	0.8874718	0.27589086	0.67907333	0.0893486	0.32092667
16.0	8.858667904100832e-06	0.3	0.1	0.6763898	0.8821836	0.29569092	0.6790708	0.33812255	0.32092488
32.0	0.0003359818286283781	0.5	0.2	0.320926670.74393135	0.320926670.67907333	0.67907333	0.32092667
16.0	2.6366508987303556e-05	0.39999999999999997	0.1	0.67425096	0.8841438	0.2580691	0.67907333	0.076378375	0.32092667
32.0	1e-06	0.5	0.2	0.2204914	0.6790736	0.031528726	0.67907333	0.0444959	0.32092667
64.0	2.976351441631319e-06	0.39999999999999997	0.1	0.68780863	0.8886243	0.28271815	0.6790553	0.14873606	0.32091877
16.0	8.858667904100832e-06	0.5	0.0	0.22028266	0.67907333	0.076750435	0.67907333	0.16006088	0.32092667
32.0	3.792690190732254e-05	0.3	0.2	0.6850112	0.8862554	0.26162693	0.67907333	0.07399114	0.32092667
16.0	0.0006951927961775605	0.5	0.1	0.026213387	0.6793711	0.0002978007	0.67907333	0	0.32092667
16.0	7.847599703514606e-05	0.3	0.0	0.6828578	0.8879234	0.2673594	0.67907333	0.08537776	0.32092667
64.0	7.847599703514606e-05	0.3	0.0	0.320926670.684905	0.320926670.67907333	0.67907333	0.32092667
32.0	6.158482110660267e-06	0.6	0.1	0.6866978	0.8877614	0.26891735	0.67907333	0.084283195	0.32092667
16.0	0.0003359818286283781	0.6	0.0	0.320926670.67907333	0.320926670.67907333	0.67907333	0.32092667
32.0	2.06913808111479e-06	0.5	0.2	0.6233715	0.8638491	0.29704794	0.67907006	0.5122518	0.32092285
64.0	2.6366508987303556e-05	0.6	0.0	0.6746306	0.882209	0.2705803	0.67907333	0.11657817	0.32092667
16.0	5.4555947811685143e-05	0.3	0.2	0.69727093	0.89155173	0.28019333	0.6790647	0.11451797	0.32091114
16.0	1.8329807108324375e-05	0.3	0.0	0.6820033	0.8860751	0.26423898	0.6790731	0.13510208	0.32092515
64.0	0.00011288378916846884	0.5	0.2	0.320926670.6938878	0.320926670.67907333	0.67907333	0.32092667
64.0	0.0001623776739188721	0.5	0.2	0.320926670.67907333	0.320926670.67907333	0.67907333	0.32092667
32.0	6.158482110660267e-06	0.3	0.2	0.67971385	0.88490295	0.2836164	0.67907333	0.18566538	0.32092667
16.0	0.00023357214690901214	0.5	0.0	0.687473	0.8874008	0.26137033	0.67907333	0.05811666	0.32092667
64.0	2.06913808111479e-06	0.6	0.2	0.6797913	0.8860161	0.26571402	0.67907333	0.13977127	0.32092667
16.0	7.847599703514606e-05	0.6	0.1	0.68400264	0.8883408	0.25951105	0.67907333	0.11603699	0.32092667
64.0	0.0001623776739188721	0.5	0.0	0.320926670.68688685	0.320926670.67907333	0.67907333	0.32092667
64.0	0.0001623776739188721	0.39999999999999997	0.1	0.320926670.6913526	0.320926670.67907333	0.67907333	0.32092667
64.0	4.281332398719396e-06	0.39999999999999997	0.2	0.67476004	0.88650155	0.251297	0.67907333	0.06636785	0.32092667
32.0	1.438449888287663e-06	0.3	0.1	0.5707728	0.8327657	0.30605647	0.67906165	0.61024016	0.32092285
64.0	0.0006951927961775605	0.6	0.1	0.320926670.67907333	0.320926670.67907333	0.67907333	0.32092667
16.0	1.8329807108324375e-05	0.5	0.2	0.69283736	0.89258903	0.27607498	0.6777016	0.17537358	0.3196088
64.0	0.0006951927961775605	0.39999999999999997	0.1	4.2922356e-06	0.67907333	0	0.67907333	0	0.32092667
64.0	0.00011288378916846884	0.5	0.1	0.42223966	0.75417584	0.320926670.67907333	0.67907333	0.32092667
16.0	7.847599703514606e-05	0.39999999999999997	0.0	0.67379725	0.88497645	0.320926670.67907333	0.67907333	0.32092667
64.0	0.0003359818286283781	0.3	0.0	0.320926670.68614477	0.320926670.67907333	0.67907333	0.32092667
32.0	0.001	0.5	0.1	5.8743568e-05	0.67907333	0	0.67907333	0	0.32092667
32.0	0.00011288378916846884	0.6	0.0	0.32092667	0.68085223	0.32092667	0.67907333	0.67907333	0.31914774
64.0	0.00023357214690901214	0.6	0.2	0.4426958	0.7920021	0.16489741	0.67907333	0.051968638	0.32092667
32.0	0.0004832930238571752	0.3	0.2	0.320926670.67914504	0.320926670.67907333	0.67907333	0.32092667
16.0	2.976351441631319e-06	0.6	0.2	0.6521893	0.8777949	0.2617391	0.6785899	0.09492772	0.3206299
32.0	1.438449888287663e-06	0.5	0.2	0.2331171	0.67907333	0.14637731	0.67907333	0.29922995	0.32092667
32.0	5.4555947811685143e-05	0.5	0.1	0.3207555	0.67909086	0.3203433	0.67907333	0.6777031	0.32092667
64.0	2.6366508987303556e-05	0.6	0.0	0.6820171	0.8844373	0.320926670.67907333	0.67907333	0.32092667
16.0	1.8329807108324375e-05	0.5	0.1	0.67183363	0.8855535	0.26536205	0.67907333	0.09147568	0.32092667
16.0	8.858667904100832e-06	0.39999999999999997	0.0	0.13075921	0.67907333	0.002286021	0.67907333	0.0051442464	0.32092667
32.0	2.6366508987303556e-05	0.6	0.1	0.6732453	0.8858739	0.24302597	0.67907333	0.04422302	0.32092667
64.0	0.0003359818286283781	0.5	0.2	0.32092667	0.6894605	0.32092667	0.67907333	0.67907333	0.3209259
32.0	0.0001623776739188721	0.5	0.2	0.6863233	0.8888016	0.27581483	0.67907333	0.09142278	0.32092258
32.0	0.0003359818286283781	0.5	0.1	0.320926670.6979627	0.320926670.67907333	0.67907333	0.32092667
16.0	0.0003359818286283781	0.6	0.0	0.320926670.67907333	0.320926670.67907333	0.67907333	0.32092667
64.0	5.4555947811685143e-05	0.5	0.0	0.6802294	0.885068	0.27168655	0.67907333	0.09640503	0.32092667
32.0	8.858667904100832e-06	0.6	0.1	0.6861242	0.88888776	0.2596321	0.67907333	0.060364533	0.32092667
16.0	2.976351441631319e-06	0.6	0.2	0.17891851	0.6790858	1.856486e-05	0.67907333	1.5004476e-05	0.32092667
64.0	2.06913808111479e-06	0.39999999999999997	0.1	0.67913204	0.8857488	0.28215256	0.67907333	0.19604035	0.32092667
32.0	8.858667904100832e-06	0.39999999999999997	0.0	0.69004816	0.8891846	0.29235026	0.67907333	0.20764236	0.32092386
64.0	4.281332398719396e-06	0.39999999999999997	0.0	0.68568367	0.88647896	0.28645122	0.67907333	0.13068898	0.32092667
16.0	0.00023357214690901214	0.39999999999999997	0.2	0.32092673	0.7015218	0.320926670.67907333	0.67907333	0.32092667
32.0	1.438449888287663e-06	0.39999999999999997	0.2	0.66261554	0.87956315	0.2824445	0.67907333	0.2091156	0.32092667
16.0	8.858667904100832e-06	0.3	0.0	0.6802282	0.8839651	0.29929706	0.67905223	0.40180233	0.3209127
16.0	4.281332398719396e-06	0.6	0.0	0.17850608	0.67907333	0.0030367533	0.67907333	0.005327606	0.32092667
16.0	1.274274985703132e-05	0.5	0.1	0.6835484	0.88888067	0.28808314	0.6790624	0.42947057	0.32092258
64.0	0.0004832930238571752	0.39999999999999997	0.2	5.362315e-05	0.67907333	0	0.67907333	0	0.32092667
16.0	1.8329807108324375e-05	0.6	0.0	0.68128026	0.8883596	0.27258554	0.67905325	0.1093043	0.3209193
64.0	3.792690190732254e-05	0.5	0.2	0.6863226	0.8861959	0.28633296	0.67907333	0.18262431	0.32092667
32.0	0.0004832930238571752	0.6	0.1	0.320926670.67908454	0.320926670.67907333	0.67907333	0.32092667
16.0	1.8329807108324375e-05	0.6	0.1	0.010203744	0.67907333	0.00083262124	0.67907333	0.0018201192	0.32092667
64.0	2.06913808111479e-06	0.39999999999999997	0.0	0.682457	0.8875272	0.28157398	0.6790731	0.123332724	0.3209259
16.0	0.00011288378916846884	0.6	0.1	0.6827534	0.8839106	0.28018647	0.67907333	0.15570298	0.32092667
32.0	0.00011288378916846884	0.5	0.0	0.6874226	0.8874194	0.29686916	0.67907333	0.31627986	0.32092667
32.0	0.0006951927961775605	0.3	0.1	7.249179e-05	0.67907333	0	0.67907333	0	0.32092667
64.0	2.06913808111479e-06	0.39999999999999997	0.2	0.6376749	0.86493886	0.30555192	0.67907333	0.6050423	0.32092667
64.0	1e-06	0.6	0.0	0.64108217	0.87057215	0.274911	0.67906135	0.2829811	0.32092312
16.0	0.0004832930238571752	0.3	0.2	0.320926670.7587026	0.320926670.67907333	0.67907333	0.32092667
16.0	0.00023357214690901214	0.39999999999999997	0.1	0.6880557	0.8884376	0.2784457	0.67907333	0.104608156	0.32092667
32.0	0.00011288378916846884	0.5	0.2	0.69019914	0.89087903	0.27343497	0.67907333	0.11076457	0.32092667
32.0	4.281332398719396e-06	0.39999999999999997	0.1	0.6853618	0.8875811	0.27377167	0.67907333	0.16731414	0.32092667
16.0	0.0004832930238571752	0.39999999999999997	0.2	0.32092667	0.74043554	0.32092667	0.67907333	0.67907333	0.32080588
32.0	5.4555947811685143e-05	0.5	0.1	0.68796986	0.8883738	0.2876292	0.67907333	0.16309077	0.32092667
16.0	1e-06	0.39999999999999997	0.1	0.22561193	0.67907333	0.083185576	0.67907333	0.17439829	0.32092667
16.0	2.6366508987303556e-05	0.5	0.2	0.69013256	0.8895716	0.26447704	0.67904204	0.12752788	0.3207334
16.0	0.00023357214690901214	0.39999999999999997	0.1	0.69262505	0.89095914	0.27609253	0.67907333	0.0772494	0.32092667
64.0	2.976351441631319e-06	0.39999999999999997	0.1	0.6840489	0.8865445	0.29869944	0.67907333	0.24074097	0.32092667
16.0	2.976351441631319e-06	0.6	0.2	0.22807987	0.6790736	0.06470006	0.67907333	0.12544861	0.32092667
64.0	1.274274985703132e-05	0.3	0.1	0.6725017	0.8830582	0.26552504	0.67907333	0.13921101	0.32092667
32.0	4.281332398719396e-06	0.39999999999999997	0.1	0.6068445	0.85936254	0.21439311	0.67907333	0.034103904	0.32092667
16.0	1.8329807108324375e-05	0.5	0.2	0.6493519	0.8771731	0.2889417	0.6790624	0.37775013	0.32092234
32.0	2.06913808111479e-06	0.6	0.0	0.21852438	0.67907333	0.087090045	0.67907333	0.19725545	0.32092667
16.0	0.0004832930238571752	0.6	0.0	0.68737465	0.88455075	0.262559	0.67907333	0.08264898	0.32092667
16.0	2.06913808111479e-06	0.3	0.0	0.62309456	0.8624067	0.28398818	0.67907333	0.35159403	0.32092667
32.0	0.0006951927961775605	0.5	0.1	0.32092667	0.75635403	0.32092667	0.67907333	0.67907333	0.32088393
64.0	0.0004832930238571752	0.3	0.0	0.320926670.67907333	0.320926670.67907333	0.67907333	0.32092667
64.0	1.8329807108324375e-05	0.39999999999999997	0.0	0.6863169	0.8857084	0.2893537	0.67907333	0.15866776	0.32092667
64.0	0.001	0.3	0.1	8.4570967e-19	0.67907333	0	0.67907333	0	0.32092667
32.0	5.4555947811685143e-05	0.5	0.2	0.6881085	0.8896047	0.281957	0.67907333	0.18260778	0.32092667
16.0	8.858667904100832e-06	0.6	0.1	0.574055	0.836806	0.3017535	0.6790721	0.57646537	0.3209259
32.0	0.0004832930238571752	0.3	0.2	0.320926670.67907333	0.320926670.67907333	0.67907333	0.32092667
16.0	0.0003359818286283781	0.39999999999999997	0.1	0.6811231	0.88668317	0.27803725	0.67907333	0.12798741	0.32092667
32.0	1.8329807108324375e-05	0.6	0.1	0.6836907	0.8866943	0.29377213	0.67907333	0.1862409	0.32092667
16.0	1.8329807108324375e-05	0.5	0.0	0.015268504	0.6790736	0.001034546	0.67907333	0.0021202087	0.32092667
16.0	2.06913808111479e-06	0.5	0.1	0.22090188	0.6790736	0.008330282	0.67907333	0.0123692835	0.32092667
16.0	2.976351441631319e-06	0.39999999999999997	0.1	0.21894869	0.69663036	0.021188354	0.6790611	0.033060964	0.32091495
64.0	0.0003359818286283781	0.39999999999999997	0.2	0.0005201975	0.67907333	0	0.67907333	0	0.32092667
64.0	0.0006951927961775605	0.3	0.1	6.5303524e-13	0.67907333	0	0.67907333	0	0.32092667
16.0	0.0003359818286283781	0.39999999999999997	0.1	0.320926670.73182935	0.320926670.67907333	0.67907333	0.32092667
64.0	0.0003359818286283781	0.5	0.1	0.00016231115	0.67907333	0	0.67907333	0	0.32092667
16.0	5.4555947811685143e-05	0.5	0.1	0.68136275	0.8868777	0.28294295	0.67907333	0.14889145	0.32092667
64.0	1.274274985703132e-05	0.6	0.0	0.68006194	0.88689065	0.25386098	0.67907333	0.057339225	0.32092667
64.0	7.847599703514606e-05	0.5	0.1	0.68178403	0.8868322	0.25797653	0.67907333	0.084692635	0.32092667
32.0	2.6366508987303556e-05	0.39999999999999997	0.2	0.67885107	0.8872793	0.26005706	0.67907333	0.076083116	0.32092667
16.0	8.858667904100832e-06	0.6	0.0	0.02812214	0.67907333	0.00039164224	0.67907333	0.0007883708	0.32092667
32.0	0.0004832930238571752	0.5	0.1	0.001303786	0.67907816	4.83195e-06	0.67907333	0	0.32092667
64.0	1.8329807108324375e-05	0.39999999999999997	0.1	0.6831701	0.88648224	0.2839124	0.67907333	0.12843882	0.32092667
64.0	0.0003359818286283781	0.5	0.2	0.320926670.69070154	0.320926670.67907333	0.67907333	0.32092667
16.0	8.858667904100832e-06	0.6	0.0	0.20811695	0.67907333	0.020128632	0.67907333	0.040036518	0.32092667
32.0	7.847599703514606e-05	0.3	0.2	0.68483233	0.88748294	0.2676285	0.67907333	0.082272336	0.32092667
16.0	0.00023357214690901214	0.6	0.1	0.320926670.67907333	0.320926670.67907333	0.67907333	0.32092667
16.0	0.0006951927961775605	0.3	0.0	0.320926670.67907333	0.320926670.67907333	0.67907333	0.32092667
16.0	5.4555947811685143e-05	0.5	0.2	0.66990364	0.88392437	0.26837513	0.67907333	0.10320282	0.32092667
64.0	2.976351441631319e-06	0.3	0.1	0.6700588	0.88465935	0.27914047	0.67907333	0.22269262	0.32092667
64.0	0.0003359818286283781	0.39999999999999997	0.0	0.320926670.68454945	0.320926670.67907333	0.67907333	0.32092667
32.0	3.792690190732254e-05	0.39999999999999997	0.1	0.68673235	0.888046	0.26198706	0.67907333	0.077190146	0.32092667
64.0	0.00011288378916846884	0.5	0.0	0.320926670.68112767	0.320926670.67907333	0.67907333	0.32092667
64.0	2.976351441631319e-06	0.5	0.0	0.689594	0.88830185	0.28861922	0.67907333	0.16766027	0.32092667
32.0	0.00023357214690901214	0.3	0.1	0.6879478	0.88811976	0.26976115	0.67907333	0.09499766	0.3207723
32.0	5.4555947811685143e-05	0.5	0.0	0.67448443	0.8857801	0.24903259	0.67907333	0.07803116	0.32092667
16.0	2.976351441631319e-06	0.5	0.0	0.64165753	0.87200063	0.24731039	0.67907333	0.06491776	0.32092667
64.0	5.4555947811685143e-05	0.5	0.2	0.6795718	0.88701576	0.27054748	0.67907333	0.110038	0.32092667
32.0	0.00011288378916846884	0.6	0.0	0.671791	0.8840945	0.26794204	0.67907333	0.11455536	0.32092667
32.0	0.001	0.6	0.1	1.9512294e-05	0.67907333	0	0.67907333	0	0.32092667
16.0	5.4555947811685143e-05	0.5	0.1	0.68390596	0.8867991	0.265803	0.6790624	0.08624217	0.3209198
64.0	0.0001623776739188721	0.3	0.0	0.320926670.69311297	0.320926670.67907333	0.67907333	0.32092667