net_filters	net_lr	net_drop	prop_elastic	val_iou	val_accuracy	val_TP	val_TN	val_FP	val_FN
64.0	0.001	0.5	0.1	0	0.6922091	0	0.6922091	0	0.30779088
32.0	6.158482110660267e-06	0.39999999999999997	0.0	0.0074512586	0.6922091	8.188884e-05	0.6922091	0.00015182495	0.30779088
64.0	0.0001623776739188721	0.6	0.0	8.1041e-11	0.6922091	0	0.6922091	0	0.30779088
16.0	3.792690190732254e-05	0.3	0.2	0.000304096	0.6922091	0	0.6922091	0	0.30779088
32.0	0.0003359818286283781	0.39999999999999997	0.0	4.9256494e-14	0.6922091	0	0.6922091	0	0.30779088
32.0	5.4555947811685143e-05	0.6	0.2	0.00015310172	0.6922091	0	0.6922091	0	0.30779088
64.0	7.847599703514606e-05	0.39999999999999997	0.0	2.124399e-05	0.6922091	0	0.6922091	0	0.30779088
32.0	2.06913808111479e-06	0.3	0.0	0.01754965	0.6922091	0	0.6922091	0	0.30779088
64.0	0.0004832930238571752	0.6	0.0	0	0.6922091	0	0.6922091	0	0.30779088
64.0	0.001	0.39999999999999997	0.2	0	0.6922091	0	0.6922091	0	0.30779088
64.0	6.158482110660267e-06	0.6	0.0	0.0027206328	0.6922091	1.0172526e-05	0.6922091	2.7974447e-05	0.30779088
16.0	0.0004832930238571752	0.39999999999999997	0.0	3.8871975e-10	0.6922091	0	0.6922091	0	0.30779088
16.0	1.8329807108324375e-05	0.39999999999999997	0.2	0.00617993	0.69220936	6.942749e-05	0.6922091	0.00015335083	0.30779088
64.0	3.792690190732254e-05	0.39999999999999997	0.1	0.00016403514	0.6922091	0	0.6922091	0	0.30779088
16.0	1.438449888287663e-06	0.5	0.0	0.23087397	0.6922106	0.18661118	0.6922091	0.4096466	0.30779088
64.0	6.158482110660267e-06	0.39999999999999997	0.2	0.0010945416	0.6922091	5.0862633e-07	0.6922091	7.6293946e-07	0.30779088
32.0	1.8329807108324375e-05	0.3	0.1	0.0005879417	0.6922091	0	0.6922091	0	0.30779088
16.0	0.0004832930238571752	0.3	0.1	0.30779088	0.30779088	0.30779088	00.6922091	0
64.0	6.158482110660267e-06	0.6	0.0	0.002711569	0.6922091	5.0862633e-07	0.6922091	2.7974447e-06	0.30779088
64.0	2.06913808111479e-06	0.3	0.2	0.0058918055	0.6922091	2.5431316e-06	0.6922091	1.2207031e-05	0.30779088
64.0	0.00023357214690901214	0.5	0.1	5.819979e-15	0.6922091	0	0.6922091	0	0.30779088
32.0	5.4555947811685143e-05	0.5	0.2	5.2785377e-05	0.6922091	0	0.6922091	0	0.30779088
16.0	0.00011288378916846884	0.3	0.2	3.4158405e-05	0.6922091	0	0.6922091	0	0.30779088
32.0	8.858667904100832e-06	0.5	0.0	0.005091337	0.6922091	6.128947e-05	0.6922091	0.00017242432	0.30779088
16.0	2.06913808111479e-06	0.39999999999999997	0.0	0.106985465	0.6922091	0.001763916	0.6922091	0.0034286499	0.30779088
32.0	0.0003359818286283781	0.3	0.1	1.22163e-12	0.6922091	0	0.6922091	0	0.30779088
16.0	2.06913808111479e-06	0.5	0.1	0.13178295	0.6922091	0.012304942	0.6922091	0.02569097	0.30779088
16.0	0.0004832930238571752	0.5	0.0	2.9828737e-09	0.6922091	0	0.6922091	0	0.30779088
32.0	4.281332398719396e-06	0.39999999999999997	0.1	0.01768384	0.6922091	0.0025721232	0.6922091	0.0055094403	0.30779088
32.0	0.001	0.3	0.0	0	0.6922091	0	0.6922091	0	0.30779088
16.0	8.858667904100832e-06	0.3	0.1	0.013969717	0.6922091	0.00032984416	0.6922091	0.0005765279	0.30779088
64.0	3.792690190732254e-05	0.5	0.0	5.3523978e-05	0.6922091	0	0.6922091	0	0.30779088
32.0	7.847599703514606e-05	0.39999999999999997	0.2	7.3337804e-05	0.6922091	0	0.6922091	0	0.30779088
64.0	1e-06	0.3	0.0	0.018507954	0.69220936	7.9854326e-05	0.6922091	0.00024642944	0.30779088
16.0	0.00011288378916846884	0.39999999999999997	0.1	0.00011735123	0.6922091	0	0.6922091	0	0.30779088
16.0	4.281332398719396e-06	0.5	0.2	0.03077918	0.6922096	3.382365e-05	0.6922091	5.238851e-05	0.30779088
32.0	0.0006951927961775605	0.6	0.0	7.5098603e-16	0.6922091	0	0.6922091	0	0.30779088
16.0	7.847599703514606e-05	0.6	0.1	0.0004777328	0.6922091	3.5858153e-05	0.6922091	8.773804e-05	0.30779088
64.0	3.792690190732254e-05	0.5	0.0	7.964379e-05	0.6922091	0	0.6922091	0	0.30779088
64.0	5.4555947811685143e-05	0.6	0.2	2.6350803e-05	0.6922091	0	0.6922091	0	0.30779088
16.0	7.847599703514606e-05	0.3	0.1	0.000355528	0.6922091	2.2125245e-05	0.6922091	5.315145e-05	0.30779088
16.0	2.6366508987303556e-05	0.5	0.0	0.0052195652	0.6922091	0.0012176514	0.6922091	0.0027023316	0.30779088
64.0	2.976351441631319e-06	0.6	0.0	0.009251657	0.6922091	0.0011070252	0.6922091	0.0028096517	0.30779088
16.0	2.976351441631319e-06	0.39999999999999997	0.2	0.024603607	0.69221014	0.00069300336	0.6922091	0.0014633179	0.30779088
64.0	6.158482110660267e-06	0.3	0.0	0.002244936	0.6922091	0	0.6922091	0	0.30779088
16.0	0.001	0.3	0.1	0	0.6922091	0	0.6922091	0	0.30779088
16.0	2.6366508987303556e-05	0.5	0.1	0.0022791051	0.6922091	8.90096e-06	0.6922091	2.0853679e-05	0.30779088
32.0	0.0004832930238571752	0.5	0.0	3.1358578e-15	0.6922091	0	0.6922091	0	0.30779088
16.0	8.858667904100832e-06	0.6	0.0	0.1492131	0.6922091	0.0008814494	0.6922091	0.0018760681	0.30779088
32.0	0.001	0.6	0.2	0	0.6922091	0	0.6922091	0	0.30779088
64.0	7.847599703514606e-05	0.3	0.1	3.7195357e-06	0.6922091	0	0.6922091	0	0.30779088
64.0	0.0001623776739188721	0.6	0.0	5.3918234e-09	0.6922091	0	0.6922091	0	0.30779088
32.0	4.281332398719396e-06	0.3	0.1	0.008476467	0.69220936	4.3233235e-06	0.6922091	8.90096e-06	0.30779088
64.0	2.6366508987303556e-05	0.6	0.2	0.0001698878	0.6922091	0	0.6922091	0	0.30779088
32.0	6.158482110660267e-06	0.3	0.0	0.00555515	0.6922091	0.0011360168	0.6922091	0.0024564108	0.30779088
16.0	3.792690190732254e-05	0.39999999999999997	0.1	0.0007966682	0.6922091	0	0.6922091	0	0.30779088
64.0	0.0004832930238571752	0.5	0.2	0	0.6922091	0	0.6922091	0	0.30779088
64.0	2.06913808111479e-06	0.6	0.1	0.0045964792	0.6922091	0	0.6922091	0	0.30779088
64.0	0.00011288378916846884	0.6	0.2	9.086277e-07	0.6922091	0	0.6922091	0	0.30779088
32.0	0.0006951927961775605	0.6	0.0	0	0.6922091	0	0.6922091	0	0.30779088
32.0	3.792690190732254e-05	0.6	0.2	0.00025690772	0.6922091	0	0.6922091	0	0.30779088
16.0	0.0006951927961775605	0.6	0.2	1.2513097e-13	0.6922091	0	0.6922091	0	0.30779088
16.0	0.0004832930238571752	0.39999999999999997	0.1	3.3718124e-20	0.6922091	0	0.6922091	0	0.30779088
64.0	1.274274985703132e-05	0.5	0.0	0.0009187979	0.6922091	0	0.6922091	0	0.30779088
16.0	1.274274985703132e-05	0.5	0.2	0.012452112	0.69220936	0.0035980225	0.6922091	0.008364614	0.30779088
16.0	0.00011288378916846884	0.5	0.1	0.00012640216	0.6922091	0	0.6922091	0	0.30779088
16.0	0.0003359818286283781	0.3	0.2	4.2350803e-07	0.6922091	0	0.6922091	0	0.30779088
32.0	1.8329807108324375e-05	0.5	0.1	0.0043661073	0.6922091	0.0011492411	0.6922091	0.0027720134	0.30779088
64.0	0.0004832930238571752	0.5	0.2	0	0.6922091	0	0.6922091	0	0.30779088
32.0	3.792690190732254e-05	0.39999999999999997	0.2	0.0002829572	0.69221014	1.2715658e-06	0.6922091	2.5431316e-07	0.30779088
64.0	1.274274985703132e-05	0.39999999999999997	0.2	0.00047349598	0.6922091	8.138021e-06	0.6922091	2.0599366e-05	0.30779088
32.0	2.6366508987303556e-05	0.5	0.0	0.00056138134	0.6922091	0	0.6922091	0	0.30779088
16.0	0.00011288378916846884	0.6	0.2	0.00033345458	0.6922091	6.3578286e-06	0.6922091	1.0681152e-05	0.30779088
32.0	7.847599703514606e-05	0.6	0.0	2.3369186e-05	0.6922091	0	0.6922091	0	0.30779088
16.0	1.8329807108324375e-05	0.3	0.1	0.003652959	0.6922091	0.000773112	0.6922091	0.0012868246	0.30779088
64.0	1e-06	0.6	0.1	0.084420465	0.6922096	0.007581075	0.6922091	0.017129008	0.30779088
64.0	1e-06	0.5	0.2	0.018749185	0.6922091	5.0608316e-05	0.6922091	6.052653e-05	0.30779088
16.0	1.8329807108324375e-05	0.39999999999999997	0.0	0.0069656502	0.6922091	0.00082982384	0.6922091	0.0016067505	0.30779088
64.0	4.281332398719396e-06	0.3	0.1	0.002646659	0.6922091	1.1444092e-05	0.6922091	1.780192e-05	0.30779088
64.0	1.438449888287663e-06	0.3	0.2	0.0084315585	0.6922091	2.0853679e-05	0.6922091	3.5858153e-05	0.30779088
32.0	0.0004832930238571752	0.5	0.2	6.281252e-13	0.6922091	0	0.6922091	0	0.30779088
16.0	7.847599703514606e-05	0.6	0.0	0.0003079986	0.6922091	0	0.6922091	0	0.30779088
16.0	7.847599703514606e-05	0.6	0.2	0.00030564066	0.6922091	0	0.6922091	0	0.30779088
16.0	0.0006951927961775605	0.6	0.0	3.5133285e-21	0.6922091	0	0.6922091	0	0.30779088
16.0	2.976351441631319e-06	0.6	0.0	0.087434396	0.69220936	0.005664317	0.6922091	0.011997223	0.30779088
32.0	1.274274985703132e-05	0.3	0.1	0.0011543407	0.6922091	0	0.6922091	0	0.30779088
16.0	0.0006951927961775605	0.5	0.1	3.9937786e-27	0.6922091	0	0.6922091	0	0.30779088
16.0	2.976351441631319e-06	0.3	0.1	0.035999406	0.6922114	0.00052083336	0.6922091	0.0011492411	0.30779088
32.0	7.847599703514606e-05	0.5	0.2	4.429562e-05	0.69220936	4.577637e-06	0.6922091	9.409587e-06	0.30779088
64.0	0.0001623776739188721	0.3	0.1	1.3943179e-10	0.6922091	0	0.6922091	0	0.30779088
64.0	0.00011288378916846884	0.3	0.1	4.614952e-06	0.6922091	0	0.6922091	0	0.30779088
64.0	0.001	0.3	0.2	0.30779088	0.30779088	0.30779088	00.6922091	0
64.0	0.0004832930238571752	0.6	0.1	0	0.6922091	0	0.6922091	0	0.30779088
64.0	1.274274985703132e-05	0.39999999999999997	0.2	0.00038807842	0.6922091	0	0.6922091	0	0.30779088
32.0	0.0004832930238571752	0.3	0.2	1.6866675e-26	0.6922091	0	0.6922091	0	0.30779088
64.0	0.00023357214690901214	0.5	0.1	0	0.6922091	0	0.6922091	0	0.30779088
64.0	0.0006951927961775605	0.6	0.2	0	0.6922091	0	0.6922091	0	0.30779088
16.0	4.281332398719396e-06	0.3	0.2	0.027697146	0.6922091	3.229777e-05	0.6922091	7.654826e-05	0.30779088
64.0	5.4555947811685143e-05	0.5	0.1	1.2004553e-05	0.6922091	0	0.6922091	0	0.30779088
32.0	3.792690190732254e-05	0.6	0.2	0.00040648086	0.6922091	3.8146973e-06	0.6922091	1.4750162e-05	0.30779088
64.0	1.8329807108324375e-05	0.3	0.0	0.00022875886	0.6922091	0	0.6922091	0	0.30779088
32.0	0.0006951927961775605	0.5	0.1	5.973874e-16	0.6922091	0	0.6922091	0	0.30779088
64.0	2.06913808111479e-06	0.39999999999999997	0.2	0.0105972085	0.6922091	5.41687e-05	0.6922091	0.00011113485	0.30779088
64.0	7.847599703514606e-05	0.6	0.0	2.3966038e-05	0.6922091	0	0.6922091	0	0.30779088
16.0	8.858667904100832e-06	0.5	0.2	0.015339113	0.6922091	0.0014706929	0.6922091	0.0034179688	0.30779088
32.0	7.847599703514606e-05	0.5	0.0	4.321087e-05	0.6922091	0	0.6922091	0	0.30779088
64.0	8.858667904100832e-06	0.5	0.0	0.0019522584	0.6922091	4.3487547e-05	0.6922091	9.6130374e-05	0.30779088
64.0	2.06913808111479e-06	0.5	0.2	0.004695463	0.6922091	0	0.6922091	0	0.30779088
32.0	0.0004832930238571752	0.6	0.1	8.625312e-06	0.6922091	0	0.6922091	0	0.30779088
64.0	2.976351441631319e-06	0.3	0.0	0.0033902216	0.6922091	0	0.6922091	0	0.30779088
16.0	0.0003359818286283781	0.6	0.2	6.4759392e-06	0.6922091	0	0.6922091	0	0.30779088
16.0	0.0006951927961775605	0.3	0.0	4.0987727e-11	0.6922091	0	0.6922091	0	0.30779088
16.0	0.0006951927961775605	0.6	0.0	8.347327e-38	0.6922091	0	0.6922091	0	0.30779088
32.0	7.847599703514606e-05	0.5	0.0	0.0003481577	0.6922091	0	0.6922091	0	0.30779088
32.0	0.0006951927961775605	0.39999999999999997	0.1	1.2381104e-10	0.6922091	0	0.6922091	0	0.30779088
64.0	8.858667904100832e-06	0.6	0.2	0.0010013419	0.6922091	7.375081e-06	0.6922091	2.3142497e-05	0.30779088
64.0	4.281332398719396e-06	0.39999999999999997	0.2	0.0031580308	0.6922091	2.0345053e-06	0.6922091	4.83195e-06	0.30779088
16.0	7.847599703514606e-05	0.5	0.2	0.0005839252	0.6922099	1.2461344e-05	0.6922091	4.4759116e-05	0.30779088
32.0	2.06913808111479e-06	0.5	0.1	0.017901463	0.6922091	0.0011644999	0.6922091	0.0027537027	0.30779088
16.0	2.6366508987303556e-05	0.3	0.2	0.0009603221	0.69220936	5.2134197e-05	0.6922091	0.00010147095	0.30779088
32.0	0.00011288378916846884	0.39999999999999997	0.0	1.9462721e-05	0.6922091	0	0.6922091	0	0.30779088
64.0	1.274274985703132e-05	0.6	0.0	0.00048259404	0.6922091	7.6293946e-07	0.6922091	1.5258789e-06	0.30779088
16.0	1e-06	0.39999999999999997	0.0	0.1355864	0.6922099	0.00015767415	0.6922091	0.00017038982	0.30779088
32.0	4.281332398719396e-06	0.3	0.0	0.014544923	0.6922091	0.0009602865	0.6922091	0.002159373	0.30779088
32.0	0.0006951927961775605	0.3	0.2	0	0.6922091	0	0.6922091	0	0.30779088
32.0	4.281332398719396e-06	0.39999999999999997	0.0	0.005594186	0.69220936	1.19527185e-05	0.6922091	3.1789143e-05	0.30779088
32.0	5.4555947811685143e-05	0.5	0.0	0.00023439685	0.6922091	0	0.6922091	0	0.30779088
64.0	6.158482110660267e-06	0.6	0.2	0.002576359	0.6922091	2.009074e-05	0.6922091	5.162557e-05	0.30779088
64.0	1.274274985703132e-05	0.39999999999999997	0.2	0.0005741406	0.6922091	0	0.6922091	0	0.30779088
16.0	1e-06	0.3	0.0	0.21726365	0.6922091	0.028346507	0.6922091	0.05661494	0.30779088
32.0	7.847599703514606e-05	0.39999999999999997	0.1	9.785142e-05	0.6922091	4.577637e-06	0.6922091	1.0681152e-05	0.30779088
32.0	4.281332398719396e-06	0.3	0.2	0.008009304	0.6922091	0.0005472819	0.6922091	0.0014328003	0.30779088
64.0	0.00011288378916846884	0.39999999999999997	0.1	3.6104293e-08	0.6922091	0	0.6922091	0	0.30779088
32.0	0.0003359818286283781	0.39999999999999997	0.2	2.4756556e-11	0.6922091	0	0.6922091	0	0.30779088
16.0	0.0003359818286283781	0.3	0.0	4.0692253e-06	0.6922091	0	0.6922091	0	0.30779088
32.0	2.06913808111479e-06	0.5	0.2	0.055033006	0.6922091	0.006465149	0.6922091	0.014265188	0.30779088
16.0	5.4555947811685143e-05	0.39999999999999997	0.1	0.0003199429	0.6922091	4.83195e-06	0.6922091	1.2207031e-05	0.30779088
64.0	0.00011288378916846884	0.6	0.2	5.7221047e-07	0.6922091	0	0.6922091	0	0.30779088
64.0	2.976351441631319e-06	0.5	0.1	0.0063385894	0.69220936	4.3233235e-06	0.6922091	1.2715657e-05	0.30779088
32.0	2.06913808111479e-06	0.6	0.0	0.008545849	0.69220936	4.83195e-06	0.6922091	1.0681152e-05	0.30779088
16.0	0.00011288378916846884	0.6	0.1	0.0039876266	0.6922091	0.0012265523	0.6922091	0.0027033489	0.30779088
32.0	2.6366508987303556e-05	0.6	0.1	0.00040576377	0.6922091	5.8492024e-06	0.6922091	2.5431314e-05	0.30779088
16.0	0.001	0.5	0.2	3.2212322e-09	0.6922091	0	0.6922091	0	0.30779088
64.0	4.281332398719396e-06	0.39999999999999997	0.1	0.0024824736	0.6922091	0	0.6922091	0	0.30779088
32.0	6.158482110660267e-06	0.3	0.0	0.004977412	0.6922091	3.8146973e-06	0.6922091	9.6639e-06	0.30779088
16.0	4.281332398719396e-06	0.3	0.0	0.03298455	0.6922091	0.002448527	0.6922091	0.005268351	0.30779088
64.0	1e-06	0.3	0.0	0.02990091	0.6922091	0.0005243937	0.6922091	0.0009017944	0.30779088
64.0	0.00011288378916846884	0.39999999999999997	0.1	4.048952e-06	0.6922091	0	0.6922091	0	0.30779088
64.0	1.274274985703132e-05	0.5	0.0	0.000962479	0.6922091	2.5431316e-07	0.6922091	7.6293946e-07	0.30779088
64.0	0.001	0.39999999999999997	0.2	0	0.6922091	0	0.6922091	0	0.30779088
32.0	3.792690190732254e-05	0.39999999999999997	0.1	0.000630317	0.6922091	2.746582e-05	0.6922091	4.0435792e-05	0.30779088
16.0	0.0001623776739188721	0.6	0.0	0.00015755728	0.6922091	4.83195e-06	0.6922091	1.0681152e-05	0.30779088
16.0	0.00023357214690901214	0.6	0.0	1.2209887e-06	0.6922091	0	0.6922091	0	0.30779088
16.0	5.4555947811685143e-05	0.39999999999999997	0.0	0.00045907765	0.6922091	6.2306724e-05	0.6922091	0.00011622111	0.30779088
64.0	0.0001623776739188721	0.6	0.1	4.716503e-11	0.6922091	0	0.6922091	0	0.30779088
16.0	2.6366508987303556e-05	0.39999999999999997	0.2	0.0038955694	0.69220936	0.00014546713	0.6922091	0.00024871825	0.30779088
16.0	0.0003359818286283781	0.6	0.1	2.083527e-05	0.6922091	7.375081e-06	0.6922091	2.3142497e-05	0.30779088
64.0	0.0004832930238571752	0.3	0.1	5.6311823e-11	0.6922091	0	0.6922091	0	0.30779088
64.0	0.0001623776739188721	0.6	0.0	1.8078484e-08	0.6922091	0	0.6922091	0	0.30779088
32.0	0.00011288378916846884	0.6	0.0	2.3342665e-05	0.6922091	0	0.6922091	0	0.30779088
32.0	1.438449888287663e-06	0.5	0.0	0.054329373	0.6922096	4.0690105e-05	0.6922091	4.8065187e-05	0.30779088
16.0	0.001	0.39999999999999997	0.0	2.3048795e-26	0.6922091	0	0.6922091	0	0.30779088
64.0	0.00023357214690901214	0.3	0.1	2.992799e-31	0.6922091	0	0.6922091	0	0.30779088
32.0	0.0003359818286283781	0.5	0.0	3.774389e-07	0.6922091	0	0.6922091	0	0.30779088
64.0	8.858667904100832e-06	0.5	0.2	0.0007389015	0.6922091	0	0.6922091	0	0.30779088
64.0	0.001	0.3	0.2	0	0.6922091	0	0.6922091	0	0.30779088
32.0	2.976351441631319e-06	0.6	0.0	0.020768562	0.69220936	8.392334e-05	0.6922091	0.00017674764	0.30779088
64.0	1.438449888287663e-06	0.5	0.1	0.022377128	0.6922091	0.0011029561	0.6922091	0.0024925233	0.30779088
64.0	0.0001623776739188721	0.5	0.2	4.826605e-08	0.6922091	0	0.6922091	0	0.30779088
16.0	0.001	0.5	0.1	0	0.6922091	0	0.6922091	0	0.30779088
16.0	1.274274985703132e-05	0.6	0.1	0.014373268	0.6922091	9.2569986e-05	0.6922091	0.0001238505	0.30779088
16.0	0.00023357214690901214	0.5	0.0	1.3170295e-05	0.69219947	2.7974447e-06	0.69219667	1.2461344e-05	0.30778807
32.0	1.274274985703132e-05	0.5	0.0	0.0014448176	0.6922091	4.577637e-06	0.6922091	1.0681152e-05	0.30779088
64.0	0.0004832930238571752	0.5	0.0	4.4413066e-24	0.6922091	0	0.6922091	0	0.30779088
32.0	5.4555947811685143e-05	0.6	0.1	0.00047327767	0.6922091	0	0.6922091	0	0.30779088
64.0	3.792690190732254e-05	0.5	0.1	5.8921985e-05	0.6922091	0	0.6922091	0	0.30779088
32.0	2.06913808111479e-06	0.39999999999999997	0.1	0.025173603	0.69220936	0.001222229	0.6922091	0.002895864	0.30779088
16.0	0.0003359818286283781	0.5	0.1	1.1428139e-06	0.6922091	0	0.6922091	0	0.30779088
32.0	1.274274985703132e-05	0.5	0.2	0.001481252	0.6922091	0	0.6922091	0	0.30779088
16.0	1.8329807108324375e-05	0.5	0.1	0.0025795395	0.6922091	0	0.6922091	0	0.30779088
32.0	5.4555947811685143e-05	0.39999999999999997	0.2	7.3845775e-05	0.6922091	0	0.6922091	0	0.30779088
16.0	0.0006951927961775605	0.39999999999999997	0.0	5.321197e-05	0.6921908	1.373291e-05	0.69217706	3.2043456e-05	0.30777714
16.0	2.06913808111479e-06	0.6	0.0	0.11966527	0.6922091	0.0036282858	0.6922091	0.008110809	0.30779088
32.0	2.6366508987303556e-05	0.6	0.0	0.00058552803	0.6922091	0	0.6922091	0	0.30779088
32.0	0.0001623776739188721	0.39999999999999997	0.2	1.4499033e-06	0.6922091	0	0.6922091	0	0.30779088
16.0	2.6366508987303556e-05	0.6	0.0	0.00347344	0.6922091	7.451375e-05	0.6922091	0.00014444986	0.30779088
32.0	0.001	0.39999999999999997	0.2	0	0.6922091	0	0.6922091	0	0.30779088
16.0	0.0006951927961775605	0.6	0.2	3.5902308e-09	0.6922091	0	0.6922091	0	0.30779088
32.0	0.0004832930238571752	0.5	0.2	2.2455219e-23	0.6922091	0	0.6922091	0	0.30779088
32.0	0.0004832930238571752	0.3	0.0	0	0.6922091	0	0.6922091	0	0.30779088
64.0	2.06913808111479e-06	0.6	0.2	0.008398817	0.6922091	5.544027e-05	0.6922091	0.00018997192	0.30779088
16.0	0.0003359818286283781	0.3	0.1	5.606924e-05	0.69220555	1.7547607e-05	0.6921997	2.822876e-05	0.30778503
64.0	1.8329807108324375e-05	0.5	0.2	0.00015822561	0.6922091	0	0.6922091	0	0.30779088
32.0	0.0004832930238571752	0.5	0.2	0.30779088	0.30779088	0.30779088	00.6922091	0
64.0	0.0003359818286283781	0.39999999999999997	0.0	0	0.6922091	0	0.6922091	0	0.30779088
16.0	0.00023357214690901214	0.5	0.1	3.0798576e-05	0.6922091	7.375081e-06	0.6922091	2.3142497e-05	0.30779088
64.0	2.6366508987303556e-05	0.6	0.0	0.00015582262	0.6922091	0	0.6922091	0	0.30779088
16.0	2.06913808111479e-06	0.6	0.0	0.06385022	0.6922099	6.17981e-05	0.6922091	0.00013224284	0.30779088
32.0	0.001	0.5	0.0	0	0.6922091	0	0.6922091	0	0.30779088
16.0	0.001	0.3	0.1	2.8746481e-15	0.6922091	0	0.6922091	0	0.30779088
32.0	3.792690190732254e-05	0.5	0.0	0.0013065952	0.69220936	6.1035157e-06	0.6922091	1.2969971e-05	0.30779088
16.0	0.0003359818286283781	0.6	0.2	4.574857e-05	0.6921877	1.2207031e-05	0.69217557	3.3569337e-05	0.3077787
64.0	0.0001623776739188721	0.39999999999999997	0.0	0.30778733	0.6922091	0.3077853	0.6922091	0.6921997	0.30779088
32.0	0.0001623776739188721	0.39999999999999997	0.2	1.0402724e-05	0.6922091	0	0.6922091	0	0.30779088
32.0	1e-06	0.39999999999999997	0.2	0.07572105	0.6922091	0.00080210366	0.6922091	0.0019803366	0.30779088
32.0	2.06913808111479e-06	0.39999999999999997	0.2	0.025308222	0.6922091	0.0006785075	0.6922091	0.0014172872	0.30779088
64.0	4.281332398719396e-06	0.39999999999999997	0.1	0.0027962348	0.69220936	6.866455e-06	0.6922091	1.7293294e-05	0.30779088
16.0	6.158482110660267e-06	0.3	0.1	0.021341247	0.6922091	0.003111267	0.6922091	0.0066027325	0.30779088
32.0	8.858667904100832e-06	0.39999999999999997	0.0	0.002195019	0.69220936	4.577637e-06	0.6922091	1.0681152e-05	0.30779088
64.0	0.0003359818286283781	0.5	0.1	3.630005e-11	0.6922091	0	0.6922091	0	0.30779088
16.0	5.4555947811685143e-05	0.3	0.0	0.0003437613	0.69220936	5.8492024e-06	0.6922091	9.409587e-06	0.30779088
64.0	1.438449888287663e-06	0.39999999999999997	0.0	0.007707824	0.6922091	0	0.6922091	0	0.30779088
64.0	1.438449888287663e-06	0.3	0.2	0.013335895	0.6922091	1.2461344e-05	0.6922091	3.0517578e-05	0.30779088
32.0	5.4555947811685143e-05	0.39999999999999997	0.2	0.00013958222	0.6922091	1.3478597e-05	0.6922091	3.1280517e-05	0.30779088
64.0	0.0001623776739188721	0.6	0.2	1.2248591e-07	0.6922091	0	0.6922091	0	0.30779088
32.0	1.438449888287663e-06	0.39999999999999997	0.2	0.023294477	0.6922091	2.415975e-05	0.6922091	4.5522054e-05	0.30779088
32.0	6.158482110660267e-06	0.5	0.2	0.011686371	0.6922096	0.00010121663	0.6922091	0.00017064413	0.30779088
64.0	2.976351441631319e-06	0.6	0.1	0.0034700856	0.6922091	5.0862633e-07	0.6922091	1.0172527e-06	0.30779088
64.0	1.438449888287663e-06	0.3	0.0	0.030300448	0.69220936	0.0008181254	0.6922091	0.001624298	0.30779088
32.0	7.847599703514606e-05	0.39999999999999997	0.1	4.9602848e-05	0.6922091	0	0.6922091	0	0.30779088
16.0	7.847599703514606e-05	0.3	0.2	0.00041995096	0.6922091	0	0.6922091	0	0.30779088
16.0	6.158482110660267e-06	0.39999999999999997	0.1	0.02825248	0.6922091	2.187093e-05	0.6922091	3.306071e-05	0.30779088
16.0	0.00011288378916846884	0.3	0.2	0.00018872516	0.6922091	1.7547607e-05	0.6922091	2.822876e-05	0.30779088
32.0	0.00023357214690901214	0.5	0.2	2.6167063e-05	0.6922091	4.83195e-06	0.6922091	1.0426839e-05	0.30779088
16.0	0.0001623776739188721	0.5	0.0	8.924332e-06	0.6922091	0	0.6922091	0	0.30779088
16.0	0.0006951927961775605	0.39999999999999997	0.0	2.9658182e-07	0.6922091	0	0.6922091	0	0.30779088
16.0	3.792690190732254e-05	0.6	0.0	0.0038229194	0.6922091	0.0012184143	0.6922091	0.0026789347	0.30779088
16.0	1.8329807108324375e-05	0.3	0.1	0.0010677534	0.6922091	0	0.6922091	0	0.30779088
16.0	0.0001623776739188721	0.39999999999999997	0.1	0.00012761418	0.6922091	0	0.6922091	0	0.30779088
64.0	3.792690190732254e-05	0.6	0.2	5.6036624e-05	0.6922091	0	0.6922091	0	0.30779088
32.0	1e-06	0.3	0.0	0.119466476	0.69220936	0.008285777	0.6922091	0.017834982	0.30779088
16.0	1.274274985703132e-05	0.39999999999999997	0.1	0.008328533	0.6922096	6.17981e-05	0.6922091	9.918213e-05	0.30779088
16.0	1.8329807108324375e-05	0.6	0.2	0.0042192573	0.69220936	2.339681e-05	0.6922091	4.3996177e-05	0.30779088
16.0	0.0004832930238571752	0.39999999999999997	0.1	2.8590941e-05	0.6922091	4.83195e-06	0.6922091	1.0426839e-05	0.30779088
64.0	0.0004832930238571752	0.6	0.2	0	0.6922091	0	0.6922091	0	0.30779088
16.0	3.792690190732254e-05	0.5	0.1	0.0006925559	0.6922091	0	0.6922091	0	0.30779088
64.0	1.8329807108324375e-05	0.5	0.1	0.00023466769	0.6922091	0	0.6922091	0	0.30779088
64.0	5.4555947811685143e-05	0.3	0.2	8.972381e-06	0.6922091	0	0.6922091	0	0.30779088
32.0	1.274274985703132e-05	0.39999999999999997	0.0	0.003458274	0.6922091	4.1707357e-05	0.6922091	8.494059e-05	0.30779088
32.0	4.281332398719396e-06	0.3	0.1	0.0071613654	0.6922091	7.807414e-05	0.6922091	0.00017700196	0.30779088
64.0	2.976351441631319e-06	0.6	0.2	0.0059834556	0.6922091	1.6784668e-05	0.6922091	3.4332275e-05	0.30779088
32.0	7.847599703514606e-05	0.5	0.1	0.00013266811	0.6922091	0	0.6922091	0	0.30779088
16.0	7.847599703514606e-05	0.5	0.1	0.0001520265	0.6922091	0	0.6922091	0	0.30779088
32.0	1.8329807108324375e-05	0.3	0.1	0.00042761114	0.6922096	1.0172527e-06	0.6922091	5.0862633e-07	0.30779088
16.0	0.00023357214690901214	0.39999999999999997	0.1	0.0023114483	0.6922091	0	0.6922091	0	0.30779088
16.0	1.274274985703132e-05	0.5	0.2	0.17459683	0.6922091	0.004737854	0.6922091	0.010164897	0.30779088
32.0	2.976351441631319e-06	0.39999999999999997	0.1	0.0114165265	0.6922091	6.866455e-06	0.6922091	2.0345053e-05	0.30779088
16.0	0.001	0.3	0.1	0	0.6922091	0	0.6922091	0	0.30779088
64.0	4.281332398719396e-06	0.5	0.0	0.0040807393	0.69220936	2.0853679e-05	0.6922091	3.1789143e-05	0.30779088
64.0	0.0003359818286283781	0.3	0.1	3.898792e-07	0.6922091	0	0.6922091	0	0.30779088
16.0	8.858667904100832e-06	0.39999999999999997	0.1	0.018335693	0.6922091	0.0015622457	0.6922091	0.0034385682	0.30779088
64.0	2.6366508987303556e-05	0.3	0.0	0.0001697259	0.6922091	0	0.6922091	0	0.30779088
64.0	1.274274985703132e-05	0.3	0.1	0.00034882725	0.6922091	0	0.6922091	0	0.30779088
16.0	7.847599703514606e-05	0.3	0.0	0.0002770356	0.69220936	1.2207031e-05	0.6922091	3.1026204e-05	0.30779088
32.0	7.847599703514606e-05	0.5	0.0	4.184166e-05	0.6922091	0	0.6922091	0	0.30779088
16.0	0.001	0.6	0.0	1.9092493e-24	0.6922091	0	0.6922091	0	0.30779088
32.0	0.001	0.39999999999999997	0.0	0	0.6922091	0	0.6922091	0	0.30779088
16.0	0.00011288378916846884	0.5	0.2	0.00017757964	0.6922091	2.5431316e-07	0.6922091	2.0345053e-06	0.30779088
16.0	3.792690190732254e-05	0.3	0.1	0.0006357069	0.69220936	2.5431316e-07	0.6922091	0	0.30779088
16.0	0.0004832930238571752	0.3	0.2	6.249539e-08	0.6922091	0	0.6922091	0	0.30779088
64.0	0.0004832930238571752	0.6	0.0	0	0.6922091	0	0.6922091	0	0.30779088
32.0	0.001	0.3	0.0	0	0.6922091	0	0.6922091	0	0.30779088
16.0	4.281332398719396e-06	0.39999999999999997	0.2	0.03071552	0.6922091	0.0023310343	0.6922091	0.005434926	0.30779088
64.0	4.281332398719396e-06	0.6	0.0	0.005744742	0.6922091	2.263387e-05	0.6922091	6.0272218e-05	0.30779088
64.0	2.976351441631319e-06	0.39999999999999997	0.0	0.0022243557	0.6922091	3.5603841e-06	0.6922091	5.340576e-06	0.30779088
64.0	0.0001623776739188721	0.39999999999999997	0.1	1.2188907e-09	0.6922091	0	0.6922091	0	0.30779088
64.0	4.281332398719396e-06	0.39999999999999997	0.1	0.0026232006	0.6922091	4.3233235e-06	0.6922091	7.883707e-06	0.30779088
64.0	2.06913808111479e-06	0.39999999999999997	0.2	0.010667739	0.6922091	0.00017191569	0.6922091	0.0002883911	0.30779088
16.0	2.976351441631319e-06	0.39999999999999997	0.2	0.045660306	0.69220936	0.0015411377	0.6922091	0.003046163	0.30779088
64.0	3.792690190732254e-05	0.3	0.1	7.385585e-05	0.6922091	0	0.6922091	0	0.30779088
32.0	6.158482110660267e-06	0.3	0.2	0.008704679	0.6922091	7.832845e-05	0.6922091	0.00015716553	0.30779088
64.0	0.0004832930238571752	0.39999999999999997	0.0	0	0.6922091	0	0.6922091	0	0.30779088
16.0	1.8329807108324375e-05	0.39999999999999997	0.0	0.0016219917	0.6922091	0	0.6922091	0	0.30779088
16.0	0.0004832930238571752	0.5	0.1	3.0533863e-06	0.6922091	0	0.6922091	0	0.30779088
64.0	0.0006951927961775605	0.6	0.1	0	0.6922091	0	0.6922091	0	0.30779088
32.0	1.274274985703132e-05	0.6	0.1	0.002982155	0.69220936	2.5177002e-05	0.6922091	7.9854326e-05	0.30779088
16.0	6.158482110660267e-06	0.3	0.0	0.025502779	0.6922091	0.00096995034	0.6922091	0.0023465476	0.30779088
64.0	6.158482110660267e-06	0.5	0.1	0.0029881648	0.69220936	4.2470296e-05	0.6922091	0.00013453166	0.30779088
16.0	1.438449888287663e-06	0.5	0.0	0.024431366	0.69220936	0.0024576823	0.6922091	0.0052426658	0.30779088
64.0	1.438449888287663e-06	0.39999999999999997	0.2	0.01869664	0.6922096	6.612142e-05	0.6922091	0.00014953614	0.30779088
32.0	7.847599703514606e-05	0.5	0.1	9.211123e-05	0.6922091	0	0.6922091	0	0.30779088
64.0	1.274274985703132e-05	0.39999999999999997	0.2	0.00032985848	0.6922091	0	0.6922091	0	0.30779088
32.0	0.0006951927961775605	0.6	0.0	5.708166e-10	0.6922091	0	0.6922091	0	0.30779088
16.0	5.4555947811685143e-05	0.3	0.1	0.0005439145	0.69221014	4.8065187e-05	0.6922091	0.00010884603	0.30779088
16.0	8.858667904100832e-06	0.5	0.2	0.017097957	0.6922091	0.00038604735	0.6922091	0.00057373045	0.30779088
16.0	0.00011288378916846884	0.6	0.2	0.00049876823	0.6922091	3.382365e-05	0.6922091	5.8492024e-05	0.30779088
64.0	2.6366508987303556e-05	0.39999999999999997	0.2	7.47718e-05	0.6922104	1.2715658e-06	0.6922091	0	0.30779088
16.0	6.158482110660267e-06	0.5	0.0	0.020473719	0.69220936	0.0011197408	0.6922091	0.0022646587	0.30779088
16.0	4.281332398719396e-06	0.6	0.1	0.103526905	0.6922096	0.0045547485	0.6922091	0.008648681	0.30779088
16.0	8.858667904100832e-06	0.5	0.0	0.00946747	0.6922091	1.7293294e-05	0.6922091	4.501343e-05	0.30779088
32.0	1.274274985703132e-05	0.3	0.2	0.0015074721	0.6922091	1.1189779e-05	0.6922091	2.4668376e-05	0.30779088
16.0	0.0006951927961775605	0.5	0.1	7.233572e-11	0.6922091	0	0.6922091	0	0.30779088
16.0	1.274274985703132e-05	0.6	0.2	0.009098304	0.6922091	4.374186e-05	0.6922091	0.000118255615	0.30779088
32.0	2.976351441631319e-06	0.39999999999999997	0.2	0.023234788	0.6922091	0.00480423	0.6922091	0.009987894	0.30779088
16.0	3.792690190732254e-05	0.39999999999999997	0.0	0.0010797493	0.6922091	6.612142e-06	0.6922091	2.822876e-05	0.30779088
64.0	0.0003359818286283781	0.5	0.0	1.1157903e-09	0.6922091	0	0.6922091	0	0.30779088
64.0	2.06913808111479e-06	0.6	0.1	0.015820624	0.69221014	2.2888185e-06	0.6922091	2.5431316e-06	0.30779088
32.0	6.158482110660267e-06	0.6	0.1	0.004318054	0.6922091	3.789266e-05	0.6922091	0.000105539955	0.30779088
64.0	4.281332398719396e-06	0.39999999999999997	0.1	0.0022135526	0.6922091	1.0172527e-06	0.6922091	2.7974447e-06	0.30779088
64.0	0.0003359818286283781	0.5	0.2	0	0.6922091	0	0.6922091	0	0.30779088
64.0	1e-06	0.6	0.1	0.0294419	0.6922096	0.0025009154	0.6922091	0.0052693686	0.30779088
32.0	0.0003359818286283781	0.6	0.0	8.918722e-10	0.6922091	0	0.6922091	0	0.30779088
64.0	6.158482110660267e-06	0.39999999999999997	0.1	0.0014332266	0.6922091	5.5948894e-06	0.6922091	2.4414063e-05	0.30779088
64.0	0.0003359818286283781	0.39999999999999997	0.1	0	0.6922091	0	0.6922091	0	0.30779088
64.0	2.06913808111479e-06	0.5	0.2	0.005852141	0.6922091	6.3578286e-06	0.6922091	1.2715657e-05	0.30779088
64.0	1.438449888287663e-06	0.3	0.1	0.011472889	0.6922091	9.9182125e-06	0.6922091	1.7038981e-05	0.30779088
32.0	0.0003359818286283781	0.5	0.0	1.01899e-06	0.6922091	0	0.6922091	0	0.30779088
16.0	1.274274985703132e-05	0.39999999999999997	0.1	0.013749374	0.6922091	0.0024810792	0.6922091	0.0054400126	0.30779088
64.0	0.0001623776739188721	0.3	0.1	1.9067302e-08	0.6922091	0	0.6922091	0	0.30779088
64.0	0.00023357214690901214	0.5	0.0	1.1291326e-10	0.6922091	0	0.6922091	0	0.30779088
16.0	7.847599703514606e-05	0.6	0.0	0.0004278862	0.6922091	0	0.6922091	0	0.30779088
32.0	0.001	0.5	0.0	0	0.6922091	0	0.6922091	0	0.30779088
32.0	4.281332398719396e-06	0.5	0.1	0.0176039	0.6922091	0.002850596	0.6922091	0.0058492026	0.30779088
32.0	1e-06	0.6	0.2	0.07302114	0.6922104	0.000697581	0.6922091	0.0013237	0.30779088
16.0	0.0004832930238571752	0.5	0.0	8.4949756e-13	0.6922091	0	0.6922091	0	0.30779088
64.0	0.001	0.39999999999999997	0.0	0	0.6922091	0	0.6922091	0	0.30779088
16.0	2.06913808111479e-06	0.3	0.1	0.07586135	0.69220936	0.0035855612	0.6922091	0.0075701396	0.30779088
64.0	1e-06	0.39999999999999997	0.0	0.023039311	0.69220936	2.0345053e-05	0.6922091	4.4504803e-05	0.30779088
16.0	1.274274985703132e-05	0.5	0.1	0.008558622	0.69220936	0.0004412333	0.6922091	0.0007100423	0.30779088
64.0	0.0006951927961775605	0.3	0.2	0	0.6922091	0	0.6922091	0	0.30779088
16.0	0.0003359818286283781	0.6	0.0	3.8375452e-05	0.6922091	3.8146973e-06	0.6922091	6.3578286e-06	0.30779088
64.0	0.0003359818286283781	0.6	0.2	8.386882e-30	0.6922091	0	0.6922091	0	0.30779088
64.0	0.0006951927961775605	0.6	0.0	0	0.6922091	0	0.6922091	0	0.30779088
32.0	0.0004832930238571752	0.3	0.0	3.4952412e-12	0.6922091	0	0.6922091	0	0.30779088
32.0	2.06913808111479e-06	0.3	0.1	0.02237202	0.69220936	0.00053049723	0.6922091	0.0013130188	0.30779088
64.0	1e-06	0.5	0.1	0.025402673	0.69220936	0.0047526043	0.6922091	0.010227203	0.30779088
16.0	1.8329807108324375e-05	0.39999999999999997	0.0	0.012268713	0.69220936	0.0031840007	0.6922091	0.0074134828	0.30779088
16.0	6.158482110660267e-06	0.39999999999999997	0.1	0.12453424	0.6922091	0.0024701436	0.6922091	0.005239868	0.30779088
64.0	7.847599703514606e-05	0.39999999999999997	0.2	3.9796664e-06	0.6922091	0	0.6922091	0	0.30779088
64.0	7.847599703514606e-05	0.6	0.2	1.072108e-05	0.6922091	0	0.6922091	0	0.30779088
32.0	1.8329807108324375e-05	0.6	0.2	0.0012751375	0.6922091	2.5431316e-07	0.6922091	7.6293946e-07	0.30779088
16.0	1.274274985703132e-05	0.3	0.2	0.0077731814	0.6922099	0.0001238505	0.6922091	0.00034586588	0.30779088
32.0	7.847599703514606e-05	0.39999999999999997	0.1	8.38904e-05	0.6922091	4.577637e-06	0.6922091	1.0681152e-05	0.30779088
16.0	2.976351441631319e-06	0.3	0.0	0.17844097	0.6922091	0.014362335	0.6922091	0.030034129	0.30779088
64.0	4.281332398719396e-06	0.5	0.1	0.0028047895	0.6922091	1.2207031e-05	0.6922091	4.4504803e-05	0.30779088
16.0	1.274274985703132e-05	0.5	0.0	0.00217368	0.6922096	1.0172527e-06	0.6922091	5.0862633e-07	0.30779088
32.0	0.00023357214690901214	0.5	0.1	5.581299e-09	0.6922091	0	0.6922091	0	0.30779088
64.0	6.158482110660267e-06	0.39999999999999997	0.2	0.0012602585	0.6922091	0	0.6922091	0	0.30779088
16.0	1.8329807108324375e-05	0.6	0.0	0.001068542	0.6922091	0	0.6922091	0	0.30779088
16.0	7.847599703514606e-05	0.39999999999999997	0.1	0.000147321	0.6922091	0	0.6922091	0	0.30779088
32.0	0.0003359818286283781	0.6	0.2	1.6245073e-07	0.6922091	0	0.6922091	0	0.30779088
64.0	7.847599703514606e-05	0.39999999999999997	0.0	0.00056026864	0.6922091	0	0.6922091	0	0.30779088
16.0	2.976351441631319e-06	0.3	0.0	0.03979785	0.6922096	0.0016436259	0.6922091	0.0033299765	0.30779088
32.0	7.847599703514606e-05	0.39999999999999997	0.2	0.00015519753	0.6922091	0	0.6922091	0	0.30779088
16.0	1.438449888287663e-06	0.5	0.0	0.18104143	0.6922091	0.008466339	0.6922091	0.018434143	0.30779088
64.0	0.0006951927961775605	0.39999999999999997	0.0	0	0.6922091	0	0.6922091	0	0.30779088
64.0	1e-06	0.6	0.0	0.023882039	0.6922091	1.2715657e-05	0.6922091	2.415975e-05	0.30779088
32.0	8.858667904100832e-06	0.5	0.2	0.0028470824	0.6922091	0	0.6922091	0	0.30779088
32.0	6.158482110660267e-06	0.5	0.0	0.0067798793	0.69220936	7.375081e-06	0.6922091	1.3224284e-05	0.30779088
16.0	1e-06	0.6	0.0	0.21846889	0.6922091	0.057215117	0.6922091	0.13405839	0.30779088
32.0	4.281332398719396e-06	0.6	0.1	0.016090699	0.6922091	0.0004386902	0.6922091	0.0009951274	0.30779088
64.0	2.06913808111479e-06	0.5	0.2	0.008607199	0.6922091	0	0.6922091	7.6293946e-07	0.30779088
16.0	0.00023357214690901214	0.39999999999999997	0.0	0.00012454967	0.6922091	1.5258789e-06	0.6922091	5.8492024e-06	0.30779088
64.0	0.0001623776739188721	0.5	0.2	1.9106915e-06	0.6922091	0	0.6922091	0	0.30779088
16.0	0.0001623776739188721	0.5	0.1	3.3603632e-05	0.6922091	0	0.6922091	0	0.30779088
64.0	0.00011288378916846884	0.6	0.2	1.7900014e-06	0.6922091	0	0.6922091	0	0.30779088
64.0	0.00011288378916846884	0.6	0.1	1.39494705e-05	0.6922091	0	0.6922091	0	0.30779088
64.0	3.792690190732254e-05	0.5	0.2	6.8754074e-05	0.6922091	0	0.6922091	0	0.30779088
64.0	3.792690190732254e-05	0.5	0.1	0.00016731526	0.6922091	0	0.6922091	0	0.30779088
32.0	6.158482110660267e-06	0.5	0.2	0.004124796	0.6922091	0	0.6922091	0	0.30779088
64.0	1.274274985703132e-05	0.3	0.2	0.00037175047	0.6922091	2.5431316e-07	0.6922091	5.0862633e-07	0.30779088
32.0	5.4555947811685143e-05	0.5	0.1	0.00011223407	0.6922091	7.6293946e-07	0.6922091	3.0517579e-06	0.30779088
16.0	0.0003359818286283781	0.3	0.0	1.030841e-08	0.6922091	0	0.6922091	0	0.30779088
16.0	0.0004832930238571752	0.39999999999999997	0.1	7.7640703e-07	0.6922091	0	0.6922091	0	0.30779088
16.0	1.438449888287663e-06	0.39999999999999997	0.2	0.20486738	0.6922091	0.0008471171	0.6922091	0.0018063863	0.30779088
32.0	6.158482110660267e-06	0.3	0.2	0.00469543	0.6922091	1.7293294e-05	0.6922091	2.7211507e-05	0.30779088
16.0	6.158482110660267e-06	0.5	0.1	0.056268908	0.69220936	0.0029848735	0.6922091	0.005380249	0.30779088
16.0	1.274274985703132e-05	0.3	0.2	0.01097428	0.6922091	0.0013346354	0.6922091	0.0029266358	0.30779088
32.0	2.976351441631319e-06	0.6	0.1	0.026991032	0.6922091	0.0009770711	0.6922091	0.0018488566	0.30779088
32.0	1e-06	0.6	0.1	0.11258483	0.6922091	0.0011403401	0.6922091	0.002355957	0.30779088
32.0	0.0003359818286283781	0.39999999999999997	0.1	1.446968e-09	0.6922091	0	0.6922091	0	0.30779088
32.0	2.976351441631319e-06	0.6	0.2	0.026890665	0.69220936	0.00033137004	0.6922091	0.0010576884	0.30779088
32.0	1.438449888287663e-06	0.6	0.1	0.041702285	0.6922091	0.0011225382	0.6922091	0.002528127	0.30779088
32.0	0.00011288378916846884	0.5	0.2	2.056067e-05	0.6922091	0	0.6922091	0	0.30779088
32.0	1e-06	0.39999999999999997	0.1	0.049340304	0.6922091	0.0049451194	0.6922091	0.010863495	0.30779088
64.0	2.976351441631319e-06	0.3	0.0	0.0069673574	0.6922106	9.409586e-05	0.6922091	0.00019226075	0.30779088
32.0	0.0006951927961775605	0.3	0.2	0	0.6922091	0	0.6922091	0	0.30779088
32.0	0.00023357214690901214	0.6	0.1	1.173744e-06	0.6922091	0	0.6922091	0	0.30779088
16.0	0.0001623776739188721	0.39999999999999997	0.1	0.000120811856	0.6922091	0	0.6922091	0	0.30779088
32.0	0.0001623776739188721	0.39999999999999997	0.2	3.3215848e-09	0.6922091	0	0.6922091	0	0.30779088
16.0	2.06913808111479e-06	0.3	0.0	0.068712115	0.6922106	0.00017801921	0.6922091	0.00028330486	0.30779088
32.0	0.0004832930238571752	0.6	0.2	0.30779088	0.30779088	0.30779088	00.6922091	0
64.0	1.274274985703132e-05	0.5	0.0	0.0007522673	0.6922091	0	0.6922091	0	0.30779088
16.0	6.158482110660267e-06	0.3	0.2	0.09802933	0.69221014	0.0055625914	0.6922091	0.011894735	0.30779088
16.0	0.0006951927961775605	0.3	0.1	0	0.6922091	0	0.6922091	0	0.30779088
32.0	0.0006951927961775605	0.39999999999999997	0.1	7.627277e-31	0.6922091	0	0.6922091	0	0.30779088
16.0	0.00011288378916846884	0.5	0.0	0.00020677732	0.6922091	1.3987224e-05	0.6922091	2.5177002e-05	0.30779088
32.0	0.001	0.3	0.0	0	0.6922091	0	0.6922091	0	0.30779088
64.0	2.06913808111479e-06	0.39999999999999997	0.2	0.0043907706	0.6922091	0	0.6922091	0	0.30779088
16.0	1.274274985703132e-05	0.5	0.1	0.016287718	0.69220936	0.0016319274	0.6922091	0.0035588583	0.30779088
32.0	2.976351441631319e-06	0.6	0.0	0.034451734	0.69220936	0.0016827901	0.6922091	0.0034123738	0.30779088
16.0	0.0004832930238571752	0.39999999999999997	0.0	1.3142981e-07	0.6922091	0	0.6922091	0	0.30779088
32.0	3.792690190732254e-05	0.39999999999999997	0.0	0.00010082334	0.6922091	7.6293945e-06	0.6922091	2.2888184e-05	0.30779088
32.0	0.0004832930238571752	0.5	0.2	0	0.6922091	0	0.6922091	0	0.30779088
16.0	4.281332398719396e-06	0.6	0.0	0.03697962	0.6922096	0.00046259564	0.6922091	0.0008041382	0.30779088
16.0	0.0003359818286283781	0.39999999999999997	0.1	6.666169e-09	0.6922091	0	0.6922091	0	0.30779088
32.0	5.4555947811685143e-05	0.6	0.2	0.0003502569	0.6922091	5.340576e-06	0.6922091	1.780192e-05	0.30779088
32.0	1e-06	0.6	0.1	0.09510941	0.6922091	0.0012168884	0.6922091	0.0026947022	0.30779088
32.0	0.00023357214690901214	0.3	0.2	2.5595589e-06	0.6922091	0	0.6922091	0	0.30779088
64.0	0.00023357214690901214	0.39999999999999997	0.1	2.428208e-13	0.6922091	0	0.6922091	0	0.30779088
64.0	0.0004832930238571752	0.39999999999999997	0.2	8.745509e-20	0.6922091	0	0.6922091	0	0.30779088
64.0	1.8329807108324375e-05	0.3	0.0	0.00019670505	0.6922091	0	0.6922091	0	0.30779088
16.0	2.6366508987303556e-05	0.6	0.2	0.0028484575	0.6922091	2.6448568e-05	0.6922091	6.2306724e-05	0.30779088
16.0	2.976351441631319e-06	0.5	0.1	0.08779797	0.6922091	0.00046590168	0.6922091	0.0006039937	0.30779088
32.0	6.158482110660267e-06	0.5	0.1	0.0048999344	0.6922091	3.8146973e-05	0.6922091	0.00010655721	0.30779088
32.0	0.00011288378916846884	0.5	0.0	4.2616623e-05	0.6922091	4.577637e-06	0.6922091	1.0681152e-05	0.30779088
32.0	0.0001623776739188721	0.3	0.0	2.3235963e-05	0.6922091	4.577637e-06	0.6922091	1.0681152e-05	0.30779088
32.0	3.792690190732254e-05	0.39999999999999997	0.2	0.000102204576	0.6922091	0	0.6922091	0	0.30779088
32.0	4.281332398719396e-06	0.5	0.0	0.0076399795	0.6922091	1.7293294e-05	0.6922091	6.052653e-05	0.30779088
64.0	0.00011288378916846884	0.39999999999999997	0.0	3.4367554e-06	0.6922091	0	0.6922091	0	0.30779088
16.0	1.8329807108324375e-05	0.3	0.1	0.003400605	0.6922109	5.3914388e-05	0.6922091	9.0281166e-05	0.30779088
64.0	1.438449888287663e-06	0.6	0.1	0.015898883	0.6922091	0.00021107991	0.6922091	0.00048039755	0.30779088
64.0	7.847599703514606e-05	0.6	0.2	7.3443816e-06	0.6922091	0	0.6922091	0	0.30779088
16.0	1.8329807108324375e-05	0.5	0.0	0.00546123	0.6922091	0.0011039734	0.6922091	0.002797699	0.30779088
64.0	7.847599703514606e-05	0.6	0.2	1.8329625e-05	0.6922091	0	0.6922091	0	0.30779088
32.0	0.00023357214690901214	0.6	0.1	7.1651066e-08	0.6922091	0	0.6922091	0	0.30779088
32.0	0.0003359818286283781	0.5	0.2	2.6640637e-16	0.6922091	0	0.6922091	0	0.30779088
32.0	0.0004832930238571752	0.3	0.0	0	0.6922091	0	0.6922091	0	0.30779088
16.0	8.858667904100832e-06	0.3	0.1	0.005879096	0.6922091	1.9073486e-05	0.6922091	4.2215983e-05	0.30779088
32.0	2.06913808111479e-06	0.5	0.1	0.038060963	0.6922091	6.434123e-05	0.6922091	0.00012029012	0.30779088
64.0	0.00011288378916846884	0.6	0.1	2.6806914e-09	0.6922091	0	0.6922091	0	0.30779088
32.0	0.0006951927961775605	0.3	0.2	0	0.6922091	0	0.6922091	0	0.30779088
32.0	0.001	0.3	0.2	0	0.6922091	0	0.6922091	0	0.30779088
32.0	0.00023357214690901214	0.5	0.1	9.753123e-07	0.6922091	0	0.6922091	0	0.30779088
32.0	0.0004832930238571752	0.6	0.2	0	0.6922091	0	0.6922091	0	0.30779088
16.0	1.8329807108324375e-05	0.5	0.2	0.0011871353	0.6922091	5.086263e-06	0.6922091	2.187093e-05	0.30779088
64.0	0.00023357214690901214	0.6	0.0	6.568835e-22	0.6922091	0	0.6922091	0	0.30779088
16.0	1.274274985703132e-05	0.3	0.1	0.002573914	0.6922091	1.4495849e-05	0.6922091	3.8401286e-05	0.30779088
32.0	2.6366508987303556e-05	0.5	0.1	0.0006064043	0.6922091	0	0.6922091	0	0.30779088
32.0	0.0006951927961775605	0.3	0.1	1.6650669e-32	0.6922091	0	0.6922091	0	0.30779088
32.0	2.6366508987303556e-05	0.39999999999999997	0.1	0.0007009689	0.6922091	2.7974447e-06	0.6922091	5.340576e-06	0.30779088
16.0	0.00023357214690901214	0.6	0.2	0.0041764346	0.6922091	0.001268514	0.6922091	0.0026072185	0.30779088
64.0	1.8329807108324375e-05	0.5	0.0	0.0005124547	0.6922091	0	0.6922091	0	0.30779088
64.0	0.0006951927961775605	0.39999999999999997	0.2	0	0.6922091	0	0.6922091	0	0.30779088
64.0	0.00011288378916846884	0.5	0.0	4.4979976e-07	0.6922091	0	0.6922091	0	0.30779088
64.0	0.0003359818286283781	0.5	0.1	1.8900441e-28	0.6922091	0	0.6922091	0	0.30779088
32.0	0.0004832930238571752	0.3	0.2	0	0.6922091	0	0.6922091	0	0.30779088
16.0	2.06913808111479e-06	0.3	0.2	0.07075643	0.6922127	0.004769389	0.6922091	0.010450236	0.30779088
32.0	1.8329807108324375e-05	0.39999999999999997	0.0	0.000523337	0.6922091	6.1035157e-06	0.6922091	1.1189779e-05	0.30779088
16.0	1.438449888287663e-06	0.39999999999999997	0.0	0.16288288	0.6922091	0.017575582	0.6922091	0.038522847	0.30779088