3.046489953994750977e-01
3.452330231666564941e-01
4.546262919902801514e-01
4.093141853809356689e-01
5.387707352638244629e-01
5.568606257438659668e-01
5.665488839149475098e-01
5.946065187454223633e-01
5.988458395004272461e-01
6.080440282821655273e-01
6.172425746917724609e-01
6.189556717872619629e-01
6.158340573310852051e-01
6.300333142280578613e-01
6.386334896087646484e-01
6.280231475830078125e-01
6.288062334060668945e-01
6.291637420654296875e-01
6.319940686225891113e-01
6.481688022613525391e-01
6.475442051887512207e-01
6.556162238121032715e-01
6.519355773925781250e-01
6.539491415023803711e-01
6.609500646591186523e-01
6.644497513771057129e-01
6.646020412445068359e-01
6.699069738388061523e-01
6.600728631019592285e-01
6.689940094947814941e-01
6.721135377883911133e-01
6.786118745803833008e-01
6.544589996337890625e-01
6.614265441894531250e-01
6.706121563911437988e-01
6.758733391761779785e-01
6.687833666801452637e-01
6.725775599479675293e-01
6.766906380653381348e-01
6.856600046157836914e-01
6.898995637893676758e-01
6.849145293235778809e-01
6.921352744102478027e-01
6.799368262290954590e-01
6.789847612380981445e-01
6.882629394531250000e-01
6.982658505439758301e-01
6.986652016639709473e-01
6.671398878097534180e-01
6.638670563697814941e-01
6.707475781440734863e-01
6.820184588432312012e-01
6.806928515434265137e-01
6.885744929313659668e-01
6.844093799591064453e-01
6.799073219299316406e-01
7.002429962158203125e-01
6.987758874893188477e-01
7.012203335762023926e-01
6.948612332344055176e-01
7.064921259880065918e-01
6.827127933502197266e-01
6.932671070098876953e-01
6.844754219055175781e-01
6.991093158721923828e-01
7.077389955520629883e-01
7.065414786338806152e-01
7.098815441131591797e-01
7.151213884353637695e-01
7.137516736984252930e-01
7.309051752090454102e-01
7.323180437088012695e-01
7.261258959770202637e-01
7.390805482864379883e-01
7.402453422546386719e-01
7.128921151161193848e-01
7.170506715774536133e-01
6.846658587455749512e-01
6.829522848129272461e-01
6.958438754081726074e-01
6.998301148414611816e-01
7.048562169075012207e-01
7.063138484954833984e-01
7.121911644935607910e-01
7.233956456184387207e-01
7.217282652854919434e-01
7.295618653297424316e-01
7.255735993385314941e-01
7.397277951240539551e-01
7.423312067985534668e-01
7.337952852249145508e-01
7.410384416580200195e-01
7.497311830520629883e-01
6.900140047073364258e-01
7.008781433105468750e-01
7.088196873664855957e-01
7.100914716720581055e-01
7.152037620544433594e-01
7.259658575057983398e-01
7.274577617645263672e-01
7.271571755409240723e-01
7.353911995887756348e-01
7.290622591972351074e-01
7.334557175636291504e-01
7.416769266128540039e-01
7.521815299987792969e-01
7.557665109634399414e-01
7.579388022422790527e-01
7.634741663932800293e-01
7.074547410011291504e-01
7.177714109420776367e-01
7.170594930648803711e-01
7.325770854949951172e-01
7.330360412597656250e-01
7.483144402503967285e-01
7.505473494529724121e-01
7.444358468055725098e-01
7.446649670600891113e-01
7.563711404800415039e-01
7.664072513580322266e-01
7.621381282806396484e-01
7.626287937164306641e-01
7.700663208961486816e-01
7.098165750503540039e-01
7.138748764991760254e-01
7.240252494812011719e-01
7.279211878776550293e-01
7.388444542884826660e-01
7.453978061676025391e-01
7.478384971618652344e-01
7.499349713325500488e-01
7.506659030914306641e-01
7.592889666557312012e-01
7.695212960243225098e-01
7.677095532417297363e-01
7.714284658432006836e-01
6.894702315330505371e-01
7.076861858367919922e-01
7.303802967071533203e-01
7.399817705154418945e-01
7.431880235671997070e-01
7.481952309608459473e-01
7.540759444236755371e-01
7.605679631233215332e-01
7.638437747955322266e-01
7.708600759506225586e-01
7.604675292968750000e-01
