3.571558296680450439e-01
5.168213844299316406e-01
5.616664886474609375e-01
5.815848708152770996e-01
6.070864796638488770e-01
6.096847653388977051e-01
6.222940087318420410e-01
6.437159776687622070e-01
6.400775909423828125e-01
6.642100214958190918e-01
6.460779309272766113e-01
6.730251312255859375e-01
6.452268958091735840e-01
6.797714233398437500e-01
6.836351156234741211e-01
7.017778158187866211e-01
6.440434455871582031e-01
6.580586433410644531e-01
6.685917973518371582e-01
6.888332962989807129e-01
6.854856014251708984e-01
6.888374686241149902e-01
6.919563412666320801e-01
7.088679671287536621e-01
7.224107980728149414e-01
7.259228229522705078e-01
7.231615185737609863e-01
7.120810151100158691e-01
7.553059458732604980e-01
7.611752152442932129e-01
7.878073453903198242e-01
7.980087995529174805e-01
6.683159470558166504e-01
6.916116476058959961e-01
7.111668586730957031e-01
7.247530817985534668e-01
7.423268556594848633e-01
7.571507692337036133e-01
7.673581838607788086e-01
7.870547175407409668e-01
7.949332594871520996e-01
8.019029498100280762e-01
8.107030391693115234e-01
8.264644145965576172e-01
8.237636089324951172e-01
8.455404639244079590e-01
8.576924204826354980e-01
8.658043146133422852e-01
6.584342718124389648e-01
6.925072073936462402e-01
7.157130837440490723e-01
7.417740225791931152e-01
7.678632140159606934e-01
7.893531918525695801e-01
7.931660413742065430e-01
8.141841888427734375e-01
8.271511793136596680e-01
8.361833095550537109e-01
8.538718223571777344e-01
8.624154329299926758e-01
8.722288608551025391e-01
8.780601620674133301e-01
8.864476084709167480e-01
8.927742242813110352e-01
6.622004508972167969e-01
7.024595141410827637e-01
7.243769168853759766e-01
7.365331649780273438e-01
7.683712244033813477e-01
7.961072325706481934e-01
8.211883306503295898e-01
8.361306786537170410e-01
8.447294831275939941e-01
8.556456565856933594e-01
8.681818842887878418e-01
8.784670829772949219e-01
8.852049708366394043e-01
8.937621116638183594e-01
6.808365583419799805e-01
7.242020368576049805e-01
7.402265071868896484e-01
7.690152525901794434e-01
7.970589995384216309e-01
8.235914111137390137e-01
8.376570940017700195e-01
8.535528779029846191e-01
8.662393689155578613e-01
8.759835958480834961e-01
8.848325610160827637e-01
8.933396339416503906e-01
9.029185771942138672e-01
9.074416756629943848e-01
9.094700217247009277e-01
9.122288227081298828e-01
6.706489324569702148e-01
6.986976265907287598e-01
7.348551154136657715e-01
7.722554802894592285e-01
8.000919818878173828e-01
8.168584108352661133e-01
8.313781619071960449e-01
8.501746654510498047e-01
8.664631247520446777e-01
8.776207566261291504e-01
8.886470794677734375e-01
8.989454507827758789e-01
6.903621554374694824e-01
7.241473197937011719e-01
7.684873342514038086e-01
8.050470352172851562e-01
8.252410292625427246e-01
8.433011174201965332e-01
8.583794236183166504e-01
8.737082481384277344e-01
8.862369656562805176e-01
8.967700004577636719e-01
9.024084806442260742e-01
6.890830993652343750e-01
7.378029823303222656e-01
7.703257799148559570e-01
8.031650185585021973e-01
8.310353159904479980e-01
8.486614227294921875e-01
8.614805340766906738e-01
8.782526850700378418e-01
8.865289092063903809e-01
8.978338837623596191e-01
8.979393243789672852e-01
9.068557620048522949e-01
9.154065847396850586e-01
9.231956601142883301e-01
9.274286031723022461e-01
9.335187673568725586e-01
6.854168176651000977e-01
7.327437400817871094e-01
7.723807692527770996e-01
8.077136278152465820e-01
8.331521749496459961e-01
8.534279465675354004e-01
8.713279962539672852e-01
8.853421211242675781e-01
8.923268914222717285e-01
9.027711749076843262e-01
9.105834364891052246e-01
9.166336059570312500e-01
9.236842393875122070e-01
9.276371002197265625e-01
9.315081238746643066e-01
9.338867068290710449e-01
