3.570014536380767822e-01
4.827694892883300781e-01
5.092010498046875000e-01
5.182765126228332520e-01
5.215006470680236816e-01
5.322801470756530762e-01
5.444724559783935547e-01
5.573331713676452637e-01
5.505139827728271484e-01
5.620836019515991211e-01
5.653959512710571289e-01
5.597351193428039551e-01
5.708222389221191406e-01
5.677934288978576660e-01
5.714959502220153809e-01
5.806641578674316406e-01
5.834157466888427734e-01
5.865690112113952637e-01
5.829063057899475098e-01
5.904307961463928223e-01
5.934983491897583008e-01
5.969564318656921387e-01
5.921310186386108398e-01
5.997194051742553711e-01
6.089591383934020996e-01
6.070483326911926270e-01
6.099359393119812012e-01
6.157059669494628906e-01
6.136004328727722168e-01
6.243017315864562988e-01
6.219620704650878906e-01
6.262276172637939453e-01
6.344580054283142090e-01
6.325432062149047852e-01
6.416068077087402344e-01
6.347547769546508789e-01
6.353836655616760254e-01
6.401574611663818359e-01
6.445208787918090820e-01
6.486127972602844238e-01
6.437277793884277344e-01
6.474882364273071289e-01
6.504698395729064941e-01
6.582981348037719727e-01
6.562764048576354980e-01
6.484466791152954102e-01
6.539064049720764160e-01
6.573553681373596191e-01
6.604353785514831543e-01
6.534842848777770996e-01
6.542533040046691895e-01
6.568105220794677734e-01
6.586742401123046875e-01
6.646639704704284668e-01
6.674548983573913574e-01
6.647694706916809082e-01
6.687424182891845703e-01
6.691669225692749023e-01
6.696119904518127441e-01
6.539174318313598633e-01
6.715655922889709473e-01
6.544506549835205078e-01
6.701245903968811035e-01
6.727105975151062012e-01
6.744511723518371582e-01
6.696903705596923828e-01
6.736803054809570312e-01
6.783443689346313477e-01
6.711052060127258301e-01
6.738110184669494629e-01
6.759221553802490234e-01
6.708592772483825684e-01
6.774817109107971191e-01
6.776127219200134277e-01
6.846882104873657227e-01
6.905690431594848633e-01
6.844639778137207031e-01
6.711242198944091797e-01
6.781318783760070801e-01
6.748269796371459961e-01
6.756662130355834961e-01
6.840624213218688965e-01
6.894124150276184082e-01
6.796092391014099121e-01
6.839976906776428223e-01
6.797599196434020996e-01
6.840633153915405273e-01
6.888858675956726074e-01
6.886205077171325684e-01
6.877820491790771484e-01
6.965118646621704102e-01
6.983888745307922363e-01
6.980776190757751465e-01
7.013815641403198242e-01
6.942476034164428711e-01
7.008963227272033691e-01
7.109203338623046875e-01
7.109941244125366211e-01
7.128330469131469727e-01
7.113101482391357422e-01
7.062534093856811523e-01
6.789325475692749023e-01
6.855512857437133789e-01
6.905634403228759766e-01
6.903564333915710449e-01
6.896615028381347656e-01
6.875774264335632324e-01
6.973342895507812500e-01
7.011584639549255371e-01
6.953591704368591309e-01
6.982057690620422363e-01
7.054809927940368652e-01
7.079070210456848145e-01
7.142183780670166016e-01
7.170472145080566406e-01
