2.704525887966156006e-01
3.107774257659912109e-01
3.782517611980438232e-01
5.191286802291870117e-01
4.822584688663482666e-01
5.108828544616699219e-01
5.860036611557006836e-01
6.075560450553894043e-01
5.913288593292236328e-01
5.879358053207397461e-01
6.325905919075012207e-01
6.295186877250671387e-01
6.486448049545288086e-01
6.528117060661315918e-01
6.460562944412231445e-01
6.445454359054565430e-01
6.398860216140747070e-01
6.518749594688415527e-01
6.615038514137268066e-01
6.660532355308532715e-01
6.469991803169250488e-01
6.649068593978881836e-01
6.769433021545410156e-01
6.805272698402404785e-01
6.751276850700378418e-01
6.865442395210266113e-01
6.886876821517944336e-01
6.853780150413513184e-01
6.954543590545654297e-01
7.042028903961181641e-01
6.961684226989746094e-01
7.015093564987182617e-01
6.687086224555969238e-01
6.654357910156250000e-01
6.670594215393066406e-01
6.804165840148925781e-01
6.936541795730590820e-01
7.006105780601501465e-01
7.069436311721801758e-01
6.967262625694274902e-01
7.145017385482788086e-01
7.044628858566284180e-01
6.826491355895996094e-01
6.887727975845336914e-01
6.957567930221557617e-01
6.922420263290405273e-01
6.987873315811157227e-01
7.126387357711791992e-01
7.218731045722961426e-01
7.260504961013793945e-01
7.259134650230407715e-01
7.299279570579528809e-01
7.465907335281372070e-01
7.480276823043823242e-01
7.378559708595275879e-01
7.597720623016357422e-01
7.509814500808715820e-01
7.671495676040649414e-01
6.937056183815002441e-01
7.117361426353454590e-01
7.185005545616149902e-01
7.325953841209411621e-01
7.359649538993835449e-01
7.184715270996093750e-01
7.360197901725769043e-01
7.563951611518859863e-01
7.439094185829162598e-01
7.586089968681335449e-01
7.773953080177307129e-01
7.777560949325561523e-01
7.872752547264099121e-01
8.032640218734741211e-01
8.176726102828979492e-01
8.232128620147705078e-01
7.079191803932189941e-01
7.278311252593994141e-01
7.219032049179077148e-01
7.467474937438964844e-01
7.523387670516967773e-01
7.597804665565490723e-01
7.773171663284301758e-01
7.863507866859436035e-01
7.895502448081970215e-01
8.062863349914550781e-01
8.131974339485168457e-01
8.292502164840698242e-01
8.349344730377197266e-01
8.445683121681213379e-01
8.488424420356750488e-01
8.604018092155456543e-01
6.928972601890563965e-01
7.045226693153381348e-01
7.158431410789489746e-01
7.256502509117126465e-01
7.580009698867797852e-01
7.712655067443847656e-01
7.850759029388427734e-01
7.775291800498962402e-01
7.940569519996643066e-01
8.169757127761840820e-01
8.132516145706176758e-01
8.323455452919006348e-01
8.419622778892517090e-01
8.529661893844604492e-01
8.611770868301391602e-01
7.228056192398071289e-01
7.254523634910583496e-01
7.626550197601318359e-01
7.822471261024475098e-01
7.931225299835205078e-01
7.958314418792724609e-01
8.066186308860778809e-01
8.100373744964599609e-01
8.270870447158813477e-01
8.425659537315368652e-01
8.574546575546264648e-01
8.672517538070678711e-01
7.058832645416259766e-01
7.240241765975952148e-01
7.449596524238586426e-01
7.458243966102600098e-01
7.679931521415710449e-01
7.866662740707397461e-01
8.091210126876831055e-01
8.259322047233581543e-01
8.335858583450317383e-01
8.452165722846984863e-01
8.563054800033569336e-01
7.337899804115295410e-01
7.562609910964965820e-01
7.835534811019897461e-01
7.935134172439575195e-01
8.057650327682495117e-01
8.117670416831970215e-01
8.287114500999450684e-01
8.495915532112121582e-01
8.538157939910888672e-01
